 anim= { [1] = {
      ["Lm"] = CFrame.new( -0.845102847, -0.402794331, 0.0946389437, -0.99256438, 0.102816798, -0.065150924, -0.0644842684, 0.00979815051, 0.997870624, 0.103236265, 0.994652092, -0.00309532695 );
      ["To"] = CFrame.new( -0.101034857, -0.12004938, -0.698233128, 0.998470962, -0.0552424565, -0.00200228835, 0.0552787296, 0.997820199, 0.0360439606, 6.7673991e-06, -0.0360995308, 0.999348223 );
      ["Ht"] = CFrame.new( 0, 0, 0, 1, 0, 0, 0, 1, 0, 0, 0, 1 );
      ["Rm"] = CFrame.new( 0.719092846, -0.716773033, -0.0137656331, -0.99387902, -0.0743580461, 0.0817038193, 0.0833885372, -0.0198365618, 0.996319711, -0.0724635795, 0.997034371, 0.0259156469 );
      ["Lg"] = CFrame.new( 0.244133323, 0.418462336, -0.229413092, 0.663110256, 0.376020133, 0.647219956, -0.681189656, 0.661557436, 0.313563973, -0.310266823, -0.648807108, 0.694826603 );
      ["Rg"] = CFrame.new( -0.36183244, 0.431207716, -0.309488952, 0.536791444, -0.100532077, -0.837704122, 0.622774422, 0.717059851, 0.313013166, 0.569216132, -0.689723551, 0.447520465 );
      ["Hd"] = CFrame.new( 8.55998223e-08, -3.25962901e-09, 0.0182944536, 0.998284996, 0.00123987929, -0.0585281067, -0.00320718368, 0.999432623, -0.0335309654, 0.0584533177, 0.0336611718, 0.997722447 );
  }, 
  [2] = {
      ["Lm"] = CFrame.new( -0.815168023, -0.40436095, 0.099647522, -0.99128294, 0.122872368, -0.0475446582, -0.0509842485, -0.0250008162, 0.998386502, 0.121485502, 0.99210757, 0.0310473349 );
      ["To"] = CFrame.new( -0.0525541902, 0.119137108, -0.389174461, 0.994921863, 0.0240335502, 0.0977388695, -0.04509997, 0.974581957, 0.219444782, -0.0899804905, -0.2227384, 0.970716894 );
      ["Ht"] = CFrame.new( 0, 0, 0, 1, 0, 0, 0, 1, 0, 0, 0, 1 );
      ["Rm"] = CFrame.new( 0.703027904, -0.741358697, -0.0428321362, -0.99941808, -0.0299364645, 0.0163525343, 0.0132660186, 0.100542024, 0.994844437, -0.0314261876, 0.994482338, -0.100086376 );
      ["Lg"] = CFrame.new( -0.297631979, 0.563868046, -0.0746308565, 0.909963489, 0.414146006, -0.0212011356, -0.405739695, 0.89972645, 0.160834536, 0.0856841505, -0.137751415, 0.986753643 );
      ["Rg"] = CFrame.new( 0.75866276, 0.314378738, 0.0869716406, 0.954957664, 0.295282036, -0.0294002909, -0.296741694, 0.95009011, -0.0962985605, -0.000502251962, 0.100685298, 0.994918227 );
      ["Hd"] = CFrame.new( 1.36904418e-07, 7.18282536e-08, 0.0182944536, 0.994608045, -0.0715753511, -0.0750458986, 0.0662666857, 0.995273352, -0.0709918588, 0.0797724575, 0.0656359941, 0.994649887 );
  }, 
  [0] = {
      ["Lm"] = CFrame.new( -0.842670083, -0.357658684, 0.157856107, -0.99401015, 0.0689212978, -0.0848164111, -0.0726909563, 0.162577316, 0.98401463, 0.0816088393, 0.984285831, -0.156593606 );
      ["To"] = CFrame.new( -0.160679981, 0.234226704, -0.642125845, 0.99533391, -0.0572282672, -0.0776875615, 0.0779134706, 0.951625884, 0.297216505, 0.0569203123, -0.301882565, 0.951644361 );
      ["Ht"] = CFrame.new( 0, 0, 0, 1, 0, 0, 0, 1, 0, 0, 0, 1 );
      ["Rm"] = CFrame.new( 0.640185952, -0.979352713, -0.153613031, -0.989009082, -0.10839738, 0.100554354, 0.117963091, -0.16847086, 0.978622735, -0.0891395956, 0.979728401, 0.179406092 );
      ["Lg"] = CFrame.new( -0.0326910987, 0.25141716, 0.0385004282, 0.495624274, 0.868173718, 0.0251224209, -0.86745137, 0.496243477, -0.0356465466, -0.0434142761, -0.00412517227, 0.99904865 );
      ["Rg"] = CFrame.new( 0.757173419, 0.105800629, 0.306298375, 0.524459302, 0.790057838, -0.31741333, -0.772058368, 0.598462164, 0.21393688, 0.358982384, 0.132860437, 0.923839808 );
      ["Hd"] = CFrame.new( 1.09896064e-07, 9.31322575e-10, 0.018294692, 0.99812007, 0.0252392199, -0.0558513403, -0.0281684548, 0.998234272, -0.0522968769, 0.054432787, 0.053771805, 0.997068644 );
  }, 
  [0.125] = {
      ["Lm"] = CFrame.new( -0.842463732, -0.334552824, 0.111558199, -0.996089876, 0.0620331839, -0.0629041344, -0.0501766019, 0.188798696, 0.980733156, 0.0727142766, 0.980054557, -0.184947997 );
      ["To"] = CFrame.new( -0.0788203552, 0.169927359, -0.482259989, 0.999926865, -0.00908434764, -0.00799556449, 0.0106631303, 0.973809123, 0.227116928, 0.00572294416, -0.227185562, 0.973834693 );
      ["Ht"] = CFrame.new( 0, 0, 0, 1, 0, 0, 0, 1, 0, 0, 0, 1 );
      ["Rm"] = CFrame.new( 0.636770546, -1.01353657, -0.121668875, -0.990078926, -0.115811065, 0.0795708895, 0.10162542, -0.199118629, 0.974691868, -0.0970359668, 0.973108232, 0.208912417 );
      ["Lg"] = CFrame.new( -0.898032129, 0.456356585, 0.0100390911, 0.897478402, -0.440991402, 0.00768958312, 0.439984381, 0.896372855, 0.0541248769, -0.0307613667, -0.0451925732, 0.998504639 );
      ["Rg"] = CFrame.new( 0.0477939807, 0.408314645, 0.172418952, 0.749913037, -0.623365521, -0.221463367, 0.585183978, 0.781215608, -0.21739839, 0.308529347, 0.0334330425, 0.950627208 );
      ["Hd"] = CFrame.new( 8.7544322e-08, 5.3725671e-08, 0.0182942152, 0.992410183, -0.0508455597, -0.111968286, 0.0544137917, 0.998096049, 0.0290444661, 0.110278301, -0.0349166021, 0.993287265 );
  }, 
  [0.5] = {
      ["Lm"] = CFrame.new( -0.815168023, -0.40436095, 0.099647522, -0.99128294, 0.122872368, -0.0475446582, -0.0509842485, -0.0250008162, 0.998386502, 0.121485502, 0.99210757, 0.0310473349 );
      ["To"] = CFrame.new( -0.0525541902, 0.119137108, -0.389174461, 0.994921863, 0.0240335502, 0.0977388695, -0.04509997, 0.974581957, 0.219444782, -0.0899804905, -0.2227384, 0.970716894 );
      ["Ht"] = CFrame.new( 0, 0, 0, 1, 0, 0, 0, 1, 0, 0, 0, 1 );
      ["Rm"] = CFrame.new( 0.700201511, -0.753872275, -0.0445032716, -0.999378204, -0.0314267538, 0.0159892719, 0.0129515938, 0.0945900157, 0.995432138, -0.0327955335, 0.995020211, -0.0941242352 );
      ["Lg"] = CFrame.new( -0.297631979, 0.563868046, -0.0746308565, 0.909963489, 0.414146006, -0.0212011356, -0.405739695, 0.89972645, 0.160834536, 0.0856841505, -0.137751415, 0.986753643 );
      ["Rg"] = CFrame.new( 0.75866276, 0.314378738, 0.0869716406, 0.954957664, 0.295282036, -0.0294002909, -0.296741694, 0.95009011, -0.0962985605, -0.000502251962, 0.100685298, 0.994918227 );
      ["Hd"] = CFrame.new( 1.36904418e-07, 7.18282536e-08, 0.0182944536, 0.994608045, -0.0715753511, -0.0750458986, 0.0662666857, 0.995273352, -0.0709918588, 0.0797724575, 0.0656359941, 0.994649887 );
  }, 
  [1.9583333730698] = {
      ["Lm"] = CFrame.new( -0.786591887, -0.518398285, 0.104212284, -0.990337908, 0.13493745, -0.0319810882, -0.041862119, -0.0710360184, 0.996594965, 0.132206231, 0.988304496, 0.0759983733 );
      ["To"] = CFrame.new( -0.0320165753, 0.123493373, -0.401503801, 0.991151094, 0.0396358222, 0.126682833, -0.0676251948, 0.972015619, 0.224972546, -0.114220709, -0.231548771, 0.966094613 );
      ["Ht"] = CFrame.new( 0, 0, 0, 1, 0, 0, 0, 1, 0, 0, 0, 1 );
      ["Rm"] = CFrame.new( 0.705901027, -0.733970523, -0.0469740629, -0.999493659, -0.0292876996, 0.0124422414, 0.00852730963, 0.130188495, 0.991452575, -0.0306570865, 0.991056621, -0.129872978 );
      ["Lg"] = CFrame.new( -0.729363143, 0.561593294, -0.0943779349, 0.963497043, -0.267698199, -0.00334083056, 0.262449712, 0.941996217, 0.209197238, -0.0528546944, -0.202437744, 0.977867723 );
      ["Rg"] = CFrame.new( 0.479011565, 0.455340028, 0.0945535898, 0.980992913, -0.193728566, -0.0110634426, 0.19116281, 0.974643409, -0.116306268, 0.0333148129, 0.111980677, 0.993151844 );
      ["Hd"] = CFrame.new( 1.60187483e-07, 1.63447112e-07, 0.018294096, 0.992290378, -0.0931857899, -0.0817092434, 0.0872772783, 0.993496239, -0.0731292814, 0.0879924968, 0.0654341653, 0.993969679 );
  }, 
  [1.9166666269302] = {
      ["Lm"] = CFrame.new( -0.765960097, -0.597622514, 0.105621576, -0.990301251, 0.137189582, -0.0219695307, -0.035583701, -0.0975867882, 0.994590759, 0.134303629, 0.985726118, 0.101521954 );
      ["To"] = CFrame.new( -0.0229254961, 0.13107419, -0.46569705, 0.988775194, 0.0491309352, 0.141102001, -0.0816087276, 0.968662262, 0.234591991, -0.125154465, -0.243473902, 0.961798728 );
      ["Ht"] = CFrame.new( 0, 0, 0, 1, 0, 0, 0, 1, 0, 0, 0, 1 );
      ["Rm"] = CFrame.new( 0.707018614, -0.73228991, -0.0514800549, -0.999466181, -0.0311574899, 0.00982747041, 0.00538449502, 0.139596388, 0.990193844, -0.0322237462, 0.989718139, -0.139354184 );
      ["Lg"] = CFrame.new( -0.855220139, 0.203971982, -0.0110182762, 0.74951601, -0.661906362, 0.0102911154, 0.637688577, 0.726091325, 0.257185876, -0.177705303, -0.186202392, 0.966307104 );
      ["Rg"] = CFrame.new( 0.230478942, 0.342954814, 0.0872311592, 0.81845808, -0.574558675, -0.00299474271, 0.568656981, 0.810774684, -0.138830081, 0.0821941495, 0.111923531, 0.990311682 );
      ["Hd"] = CFrame.new( 7.82310963e-08, -5.12227416e-09, 0.0182944536, 0.99017477, -0.108193055, -0.0885909051, 0.101432972, 0.991814494, -0.0775595009, 0.0962571204, 0.0678113997, 0.9930439 );
  }, 
  [2.0416667461395] = {
      ["Lm"] = CFrame.new( -0.822876334, -0.359687418, 0.0892008543, -0.993465662, 0.0981786773, -0.0581977516, -0.0579012148, 0.00586941559, 0.998305082, 0.0983539224, 0.99515152, -0.000146512059 );
      ["To"] = CFrame.new( -0.0792714506, 0.120987892, -0.440529823, 0.99752599, -0.0139992982, 0.0688909739, -0.00163298252, 0.975092351, 0.221793264, -0.0702800155, -0.221357033, 0.972657084 );
      ["Ht"] = CFrame.new( 0, 0, 0, 1, 0, 0, 0, 1, 0, 0, 0, 1 );
      ["Rm"] = CFrame.new( 0.697639346, -0.758006215, -0.0394918323, -0.999153733, -0.0342176557, 0.0228279978, 0.0209526233, 0.0541977435, 0.998310328, -0.0353969708, 0.997943759, -0.0534350164 );
      ["Lg"] = CFrame.new( -0.0957457274, 0.344963789, -0.0321729779, 0.697835147, 0.71465987, -0.0478287116, -0.703642905, 0.69649148, 0.140664384, 0.133839428, -0.0645062104, 0.988901377 );
      ["Rg"] = CFrame.new( 0.823856592, 0.0030452013, 0.0939935446, 0.778067172, 0.624056935, -0.0718644485, -0.62816143, 0.773839474, -0.0811524019, 0.00496788975, 0.108284451, 0.994107604 );
      ["Hd"] = CFrame.new( 8.02683644e-08, 1.65891834e-09, 0.0182943344, 0.997171879, -0.0324737839, -0.067777954, 0.0278030708, 0.997246265, -0.0687526986, 0.0698239952, 0.0666738302, 0.995328784 );
  }, 
  [2.25] = {
      ["Lm"] = CFrame.new( -0.847454488, -0.340604544, 0.151812315, -0.994532704, 0.0640015379, -0.0825142935, -0.0698948652, 0.179094106, 0.981346011, 0.0775855258, 0.981747985, -0.173641637 );
      ["To"] = CFrame.new( -0.183384329, 0.26841718, -0.683477879, 0.99411881, -0.0528305285, -0.0945345685, 0.0821634829, 0.936610758, 0.340601653, 0.0705479309, -0.34636578, 0.935443103 );
      ["Ht"] = CFrame.new( 0, 0, 0, 1, 0, 0, 0, 1, 0, 0, 0, 1 );
      ["Rm"] = CFrame.new( 0.635394931, -0.996373773, -0.159454346, -0.988704145, -0.113281466, 0.0981403217, 0.118053615, -0.185160756, 0.97559154, -0.0923446342, 0.976157248, 0.1964425 );
      ["Lg"] = CFrame.new( 0.117317781, 0.0138270259, 0.0183290243, 0.297630876, 0.95354712, 0.0465168282, -0.954377413, 0.295954168, 0.0396844558, 0.0240740981, -0.0562058762, 0.99812901 );
      ["Rg"] = CFrame.new( 0.780534983, 0.0846287012, 0.310428977, 0.470394731, 0.827262223, -0.307190448, -0.801680803, 0.546104789, 0.24305892, 0.368831635, 0.131934926, 0.920085013 );
      ["Hd"] = CFrame.new( 1.2665987e-07, -6.05359674e-08, 0.0182942152, 0.995610952, 0.0353734121, -0.0866465867, -0.0394971892, 0.99814415, -0.0463498086, 0.0848462731, 0.0495685302, 0.995160341 );
  }, 
  [0.54166668653488] = {
      ["Lm"] = CFrame.new( -0.82325089, -0.358729631, 0.0907610655, -0.993464828, 0.0981066003, -0.0583332814, -0.0577738993, 0.008535509, 0.998293281, 0.0984371305, 0.99513942, -0.00281179161 );
      ["To"] = CFrame.new( -0.0798892677, 0.120990753, -0.449095964, 0.997581124, -0.013911413, 0.0681070164, -0.00154475635, 0.975091636, 0.221796945, -0.0694960952, -0.221365616, 0.972711563 );
      ["Ht"] = CFrame.new( 0, 0, 0, 1, 0, 0, 0, 1, 0, 0, 0, 1 );
      ["Rm"] = CFrame.new( 0.693243265, -0.777473807, -0.042004168, -0.999085248, -0.0365589522, 0.0221866276, 0.0205380768, 0.0448671728, 0.9987818, -0.0375097767, 0.998323858, -0.0440754034 );
      ["Lg"] = CFrame.new( -0.109430142, 0.378366172, -0.0372623205, 0.708656073, 0.703962266, -0.0473673157, -0.693099141, 0.707134485, 0.139908955, 0.131985649, -0.0663170591, 0.989030778 );
      ["Rg"] = CFrame.new( 0.829240739, 0.00804549456, 0.0972703695, 0.775541425, 0.626846969, -0.0748225003, -0.631249011, 0.771475077, -0.0796936974, 0.00776801538, 0.109037392, 0.994007349 );
      ["Hd"] = CFrame.new( 7.38655217e-08, 6.53817551e-08, 0.0182945728, 0.997158825, -0.0322964936, -0.0680546612, 0.0276541281, 0.997296095, -0.068086639, 0.0700696334, 0.0660112053, 0.995355666 );
  }, 
  [2.1666667461395] = {
      ["Lm"] = CFrame.new( -0.832748473, -0.333482027, 0.0902183056, -0.996477783, 0.0498841181, -0.0674069226, -0.0618231073, 0.106077529, 0.992434144, 0.056657102, 0.993105829, -0.102619991 );
      ["To"] = CFrame.new( -0.167054474, 0.168824553, -0.716066599, 0.996552646, -0.0722373798, -0.0407994092, 0.0804551765, 0.961487353, 0.262809932, 0.0202434156, -0.265186459, 0.963984609 );
      ["Ht"] = CFrame.new( 0, 0, 0, 1, 0, 0, 0, 1, 0, 0, 0, 1 );
      ["Rm"] = CFrame.new( 0.66569072, -0.87472713, -0.0660201311, -0.995233476, -0.0731145367, 0.0645336136, 0.0714786574, -0.0967372507, 0.992740035, -0.0663408339, 0.992620885, 0.101502277 );
      ["Lg"] = CFrame.new( 0.0505262464, 0.0912017226, 0.0270382166, 0.312439144, 0.949410319, -0.0316522606, -0.949479997, 0.311080903, -0.0414287932, -0.0294865482, 0.0429971851, 0.998639941 );
      ["Rg"] = CFrame.new( 0.908352375, 0.0228111148, 0.218132257, 0.551383913, 0.811214685, -0.194696352, -0.816711545, 0.572489738, 0.0723718628, 0.170170888, 0.119106025, 0.978190005 );
      ["Hd"] = CFrame.new( 7.07805157e-08, -8.38190317e-09, 0.0182942152, 0.997062981, 0.043742124, -0.062866427, -0.047376968, 0.99721849, -0.0575402044, 0.0601746328, 0.0603496097, 0.996361911 );
  }, 
  [2.375] = {
      ["Lm"] = CFrame.new( -0.845922232, -0.33551532, 0.117985606, -0.994818091, 0.0606944002, -0.0815669522, -0.0679756925, 0.199535146, 0.977530062, 0.0756061599, 0.978009284, -0.1943755 );
      ["To"] = CFrame.new( -0.107780524, 0.191431701, -0.363576412, 0.998372197, -0.0353689007, -0.0447438695, 0.0452147014, 0.968993843, 0.24291268, 0.0347649828, -0.244540349, 0.969015718 );
      ["Ht"] = CFrame.new( 0, 0, 0, 1, 0, 0, 0, 1, 0, 0, 0, 1 );
      ["Rm"] = CFrame.new( 0.627257228, -1.03280163, -0.140494287, -0.988423407, -0.116566353, 0.0971168131, 0.119673826, -0.205534369, 0.971305251, -0.0932605863, 0.971683085, 0.217104793 );
      ["Lg"] = CFrame.new( -0.733885348, 0.62613225, 0.0581078529, 0.975693643, -0.211939096, 0.055711776, 0.211241663, 0.977264583, 0.0181904677, -0.0583004691, -0.00597966928, 0.998281181 );
      ["Rg"] = CFrame.new( 0.227791548, 0.631797314, 0.233451247, 0.918664813, -0.227772787, -0.322760761, 0.19824408, 0.97252351, -0.122054726, 0.341693252, 0.0481419228, 0.938577712 );
      ["Hd"] = CFrame.new( 8.56816769e-08, -6.51925802e-09, 0.0182943344, 0.996778548, -0.0228117146, -0.0768907219, 0.0267097317, 0.998389363, 0.0500544459, 0.0756250471, -0.051946979, 0.995782375 );
  }, 
  [0.625] = {
      ["Lm"] = CFrame.new( -0.82312429, -0.337440461, 0.0705803633, -0.997001529, 0.0457252227, -0.0624272227, -0.059386231, 0.0650901049, 0.996110737, 0.0496108159, 0.996831298, -0.0621795729 );
      ["To"] = CFrame.new( -0.144927382, 0.126023173, -0.665740013, 0.996912181, -0.078512527, 0.00144864502, 0.0761117861, 0.970638812, 0.228182673, -0.0193213094, -0.227367789, 0.973617256 );
      ["Ht"] = CFrame.new( 0, 0, 0, 1, 0, 0, 0, 1, 0, 0, 0, 1 );
      ["Rm"] = CFrame.new( 0.680119276, -0.820016623, -0.0362084508, -0.997596741, -0.0531897396, 0.0444035381, 0.0467985645, -0.0446624421, 0.997905433, -0.0510950945, 0.997585177, 0.0470442399 );
      ["Lg"] = CFrame.new( 0.0220194459, 0.133863091, 0.0236383677, 0.379065096, 0.923541307, -0.0581480972, -0.92535609, 0.378656, -0.0183284059, 0.00509104878, 0.0607553348, 0.998139739 );
      ["Rg"] = CFrame.new( 0.902980387, -0.0305392742, 0.177944064, 0.603630066, 0.78190279, -0.155752316, -0.792711854, 0.609466553, -0.0125912977, 0.0850806683, 0.131067127, 0.98771596 );
      ["Hd"] = CFrame.new( 1.15483999e-07, -1.3038516e-08, 0.0182944536, 0.997517347, 0.0412204787, -0.0570969693, -0.0447275676, 0.997099996, -0.0615723468, 0.0543933436, 0.0639732853, 0.996468186 );
  }, 
  [2.2083332538605] = {
      ["Lm"] = CFrame.new( -0.843410134, -0.338131726, 0.131922841, -0.995201409, 0.059823852, -0.0774297044, -0.0676702261, 0.150767788, 0.986250401, 0.0706752986, 0.986757517, -0.145995989 );
      ["To"] = CFrame.new( -0.179658592, 0.235046506, -0.738437891, 0.994909763, -0.062055558, -0.0793956891, 0.0840876177, 0.945443571, 0.314747125, 0.05553234, -0.319821149, 0.945849121 );
      ["Ht"] = CFrame.new( 0, 0, 0, 1, 0, 0, 0, 1, 0, 0, 0, 1 );
      ["Rm"] = CFrame.new( 0.647341788, -0.946849465, -0.130037487, -0.990989447, -0.100358531, 0.0887027308, 0.103451923, -0.152864382, 0.98281759, -0.085074544, 0.983138263, 0.161869198 );
      ["Lg"] = CFrame.new( 0.101351701, 0.011892736, 0.0201306343, 0.25037536, 0.968044877, 0.0141945295, -0.967527211, 0.249662429, 0.0394941643, 0.0346882381, -0.0236220174, 0.999119043 );
      ["Rg"] = CFrame.new( 0.860423446, 0.077516377, 0.279097676, 0.488093048, 0.832330823, -0.262660712, -0.821011603, 0.539965808, 0.185410574, 0.296150833, 0.125149742, 0.946906745 );
      ["Hd"] = CFrame.new( 1.15483999e-07, 9.31322575e-08, 0.018294096, 0.996054292, 0.0428145081, -0.0777365416, -0.0470063724, 0.997491837, -0.0529190712, 0.0752758756, 0.05636435, 0.995568573 );
  }, 
  [0.58333331346512] = {
      ["Lm"] = CFrame.new( -0.821841955, -0.342074394, 0.0791592598, -0.99615705, 0.0617563799, -0.062107116, -0.0597414747, 0.0394428521, 0.997434378, 0.0640476793, 0.997311652, -0.0356019735 );
      ["To"] = CFrame.new( -0.115236253, 0.123172522, -0.585722446, 0.997533023, -0.0613765866, 0.0340701081, 0.0522008911, 0.973059952, 0.224565431, -0.0469353124, -0.222232968, 0.973863244 );
      ["Ht"] = CFrame.new( 0, 0, 0, 1, 0, 0, 0, 1, 0, 0, 0, 1 );
      ["Rm"] = CFrame.new( 0.68604064, -0.801394045, -0.0393016934, -0.998514116, -0.0442900136, 0.0317488164, 0.0320296884, -0.00564758154, 0.999470949, -0.0440872125, 0.999002814, 0.00705775432 );
      ["Lg"] = CFrame.new( -0.0236798078, 0.256118715, -0.00374597311, 0.510899127, 0.857077301, -0.0663375556, -0.853251576, 0.514980793, 0.0821992233, 0.104613625, 0.014607057, 0.994405746 );
      ["Rg"] = CFrame.new( 0.859144926, -0.0781772137, 0.145729303, 0.644585431, 0.753171384, -0.13131088, -0.763108134, 0.644302607, -0.0504006147, 0.046643693, 0.132691905, 0.990059257 );
      ["Hd"] = CFrame.new( 1.2293458e-07, 3.81842256e-08, 0.0182938576, 0.997965634, 0.0188104007, -0.0609173961, -0.0227219127, 0.997680485, -0.0641675368, 0.0595690757, 0.065421164, 0.996078193 );
  }, 
  [2.3333332538605] = {
      ["Lm"] = CFrame.new( -0.846802711, -0.336443722, 0.130111217, -0.994622231, 0.0620945692, -0.0828912631, -0.0690505207, 0.19894287, 0.977575481, 0.0771928057, 0.978041947, -0.193585306 );
      ["To"] = CFrame.new( -0.134271592, 0.220105767, -0.423752546, 0.996441305, -0.0464038737, -0.0703666806, 0.0643393099, 0.958046496, 0.279298007, 0.0544540398, -0.282831401, 0.957622647 );
      ["Ht"] = CFrame.new( 0, 0, 0, 1, 0, 0, 0, 1, 0, 0, 0, 1 );
      ["Rm"] = CFrame.new( 0.6274212, -1.03160882, -0.151991427, -0.988430083, -0.115935698, 0.0978002623, 0.120143704, -0.204869777, 0.971387684, -0.0925821066, 0.971898794, 0.216428384 );
      ["Lg"] = CFrame.new( -0.309959352, 0.835602403, 0.0343091488, 0.938516259, 0.342181146, 0.0458177216, -0.342880666, 0.93934375, 0.00814771652, -0.0402506441, -0.0233567469, 0.998916566 );
      ["Rg"] = CFrame.new( 0.533022583, 0.645842671, 0.242339134, 0.904454648, 0.245525211, -0.348825485, -0.248899609, 0.967864454, 0.0358825624, 0.346425891, 0.0543682873, 0.936500549 );
      ["Hd"] = CFrame.new( 9.31322575e-08, -4.56348062e-08, 0.0182944536, 0.997054219, -0.000845952076, -0.0766956434, 0.00313513353, 0.999553084, 0.0297321435, 0.0766362175, -0.0298850294, 0.996611178 );
  }, 
  [2.5416667461395] = {
      ["Lm"] = CFrame.new( -0.811384559, -0.392715871, 0.10533464, -0.995604098, 0.0935440809, -0.00469017401, 0.00238124118, 0.0753397122, 0.99715513, 0.0936313793, 0.992760599, -0.0752313361 );
      ["To"] = CFrame.new( -0.00867840648, 0.164631724, -0.908520222, 0.99510771, 0.0466701202, 0.0870779827, -0.0662566274, 0.96905309, 0.237794369, -0.0732852891, -0.242400482, 0.967404485 );
      ["Ht"] = CFrame.new( 0, 0, 0, 1, 0, 0, 0, 1, 0, 0, 0, 1 );
      ["Rm"] = CFrame.new( 0.686309218, -0.871255815, -0.0695018768, -0.996817887, -0.0776724741, 0.0179242957, 0.0246712212, -0.0867950991, 0.995920718, -0.0757998079, 0.993193746, 0.0884350836 );
      ["Lg"] = CFrame.new( -1.09155631, 0.480261326, -0.05520612, 0.706521094, -0.707691848, -0.000507217075, 0.696721137, 0.695442438, 0.17589657, -0.124127842, -0.124627933, 0.984408617 );
      ["Rg"] = CFrame.new( -0.0614053234, -0.138873339, 0.0175563097, 0.12208049, -0.992252886, -0.0230388902, 0.974601388, 0.124235049, -0.186327234, 0.187746003, 0.00029316009, 0.98221761 );
      ["Hd"] = CFrame.new( 8.7544322e-08, 5.07570803e-08, 0.0182943344, 0.983232737, -0.108496383, -0.146567762, 0.0965072662, 0.991558552, -0.0865909159, 0.154725373, 0.0709941164, 0.985403419 );
  }, 
  [2.4583332538605] = {
      ["Lm"] = CFrame.new( -0.833979368, -0.338225543, 0.108447194, -0.996735692, 0.074593395, -0.0308860987, -0.0188126918, 0.157441124, 0.987349212, 0.0785125494, 0.984707117, -0.155523986 );
      ["To"] = CFrame.new( -0.0539627597, 0.153274357, -0.643693686, 0.999589026, 0.0163494423, 0.0235468894, -0.0212993585, 0.973345995, 0.228350371, -0.0191858672, -0.228758067, 0.973294199 );
      ["Ht"] = CFrame.new( 0, 0, 0, 1, 0, 0, 0, 1, 0, 0, 0, 1 );
      ["Rm"] = CFrame.new( 0.658555448, -0.962914824, -0.0972728729, -0.99335444, -0.104762554, 0.0476627201, 0.0656589568, -0.17569007, 0.982253551, -0.0945294201, 0.978855371, 0.18140094 );
      ["Lg"] = CFrame.new( -1.02539527, 0.198867679, -0.0303906202, 0.73568517, -0.675872505, -0.0443137139, 0.677194178, 0.732689261, 0.0676348954, -0.0132444268, -0.0797669813, 0.996725559 );
      ["Rg"] = CFrame.new( -0.041549366, 0.0815328956, 0.0570596457, 0.488912761, -0.864443362, -0.117055416, 0.847282171, 0.502504647, -0.172052324, 0.207550421, -0.015060449, 0.978108406 );
      ["Hd"] = CFrame.new( 8.28877091e-08, -4.96511348e-08, 0.018294096, 0.985340834, -0.0834086835, -0.148817226, 0.0812798291, 0.996483743, -0.0203408673, 0.149990588, 0.00794685911, 0.988655508 );
  }, 
  [0.16666667163372] = {
      ["Lm"] = CFrame.new( -0.833980083, -0.338216841, 0.108309627, -0.996838868, 0.0736552477, -0.0297846235, -0.0178718455, 0.157397643, 0.98737359, 0.077413328, 0.984784782, -0.155583769 );
      ["To"] = CFrame.new( -0.0539976805, 0.153805077, -0.603264809, 0.999589205, 0.0164034329, 0.0235025864, -0.0213550236, 0.973186553, 0.229023799, -0.0191156231, -0.229431614, 0.973137081 );
      ["Ht"] = CFrame.new( 0, 0, 0, 1, 0, 0, 0, 1, 0, 0, 0, 1 );
      ["Rm"] = CFrame.new( 0.658717096, -0.962910771, -0.0972863436, -0.993314266, -0.105587006, 0.0466705635, 0.0648305491, -0.175706834, 0.982305586, -0.0955182761, 0.978763819, 0.181377307 );
      ["Lg"] = CFrame.new( -1.0047375, 0.168920636, -0.0294228196, 0.741146147, -0.669711888, -0.0467795245, 0.671282947, 0.738340616, 0.0650560781, -0.0090296464, -0.0796183646, 0.996784568 );
      ["Rg"] = CFrame.new( -0.116784669, -0.121050358, 0.0123542547, 0.397575408, -0.909448445, -0.121808767, 0.892603457, 0.41409117, -0.178290784, 0.212586269, -0.0378429554, 0.976409316 );
      ["Hd"] = CFrame.new( 8.47503543e-08, 2.88709998e-08, 0.0182944536, 0.984709322, -0.0835002586, -0.15289022, 0.0813011453, 0.996476948, -0.0205905642, 0.154070884, 0.00784553122, 0.988028705 );
  }, 
  [0.66666668653488] = {
      ["Lm"] = CFrame.new( -0.827808738, -0.333824486, 0.0652296543, -0.9967435, 0.0492579751, -0.063844882, -0.0592931472, 0.08890412, 0.994273782, 0.0546520613, 0.994821489, -0.085694015 );
      ["To"] = CFrame.new( -0.15943712, 0.139165521, -0.686193228, 0.996858239, -0.0715297535, -0.0340176225, 0.0777346194, 0.965925276, 0.246871844, 0.0151998, -0.248740569, 0.968450904 );
      ["Ht"] = CFrame.new( 0, 0, 0, 1, 0, 0, 0, 1, 0, 0, 0, 1 );
      ["Rm"] = CFrame.new( 0.674690127, -0.837076783, -0.0329474807, -0.99619776, -0.0649743751, 0.0580384545, 0.0631693751, -0.079918839, 0.994797885, -0.0599979088, 0.994681597, 0.083719261 );
      ["Lg"] = CFrame.new( 0.0769501328, -0.0523967743, 0.0191236734, 0.263479799, 0.964111328, -0.0326752663, -0.961860418, 0.259982109, -0.0850521177, -0.0735047609, 0.0538385175, 0.995840609 );
      ["Rg"] = CFrame.new( 0.928051829, -0.0053768158, 0.172146797, 0.572817385, 0.806355834, -0.147209242, -0.810721695, 0.583826959, 0.0433180891, 0.120874576, 0.0945323706, 0.988156378 );
      ["Hd"] = CFrame.new( 9.12696123e-08, -9.03382897e-08, 0.0182943344, 0.997578025, 0.0385229886, -0.057914678, -0.0432319306, 0.995662391, -0.0823854879, 0.0544897318, 0.084689714, 0.994916379 );
  }, 
  [2.6666667461395] = {
      ["Lm"] = CFrame.new( -0.768849969, -0.579644322, 0.105850577, -0.991327405, 0.130328089, -0.0168690477, -0.0280357264, -0.0843281895, 0.996043622, 0.128389969, 0.987878263, 0.0872506574 );
      ["To"] = CFrame.new( -0.0183722079, 0.146617115, -0.668550253, 0.988036931, 0.0655724779, 0.139582515, -0.0977018923, 0.966443837, 0.237572521, -0.119320452, -0.248367891, 0.96128875 );
      ["Ht"] = CFrame.new( 0, 0, 0, 1, 0, 0, 0, 1, 0, 0, 0, 1 );
      ["Rm"] = CFrame.new( 0.706351876, -0.742415309, -0.0555763245, -0.999301374, -0.0364392512, 0.00831464864, 0.00383748254, 0.121253684, 0.99261415, -0.0371782072, 0.991952538, -0.121029191 );
      ["Lg"] = CFrame.new( -0.913610995, 0.381541431, -0.035274148, 0.735242128, -0.67674315, 0.0379181057, 0.643488467, 0.714499533, 0.274614096, -0.212935746, -0.177507967, 0.960806668 );
      ["Rg"] = CFrame.new( 0.0483272299, 0.297166586, 0.0935844183, 0.513919353, -0.857726693, 0.0138509776, 0.846431434, 0.504395008, -0.170703009, 0.13943021, 0.0994514748, 0.985225201 );
      ["Hd"] = CFrame.new( 9.68575478e-08, -5.0291419e-08, 0.018294096, 0.988669872, -0.116300941, -0.0948996991, 0.108350061, 0.990469098, -0.0850375369, 0.103885151, 0.0737915784, 0.991848171 );
  }, 
  [2.5833332538605] = {
      ["Lm"] = CFrame.new( -0.795233548, -0.456484318, 0.104828954, -0.994375348, 0.105772309, -0.0054605538, -0.00379702402, 0.0159223974, 0.999866009, 0.105845146, 0.994262993, -0.015431283 );
      ["To"] = CFrame.new( 0.00020840764, 0.182040334, -0.955640793, 0.991691589, 0.0555254593, 0.116037607, -0.0823642015, 0.966974139, 0.241199404, -0.0988126621, -0.248752773, 0.963513434 );
      ["Ht"] = CFrame.new( 0, 0, 0, 1, 0, 0, 0, 1, 0, 0, 0, 1 );
      ["Rm"] = CFrame.new( 0.695734203, -0.820628345, -0.0631943345, -0.998016894, -0.0617553517, 0.0121963471, 0.0129324337, -0.0115344124, 0.999849856, -0.0616053492, 0.998024762, 0.0123101566 );
      ["Lg"] = CFrame.new( -1.08030891, 0.576506376, -0.093923986, 0.715496778, -0.698542833, 0.0101144332, 0.676845968, 0.696714103, 0.237632081, -0.173043087, -0.163179055, 0.971302629 );
      ["Rg"] = CFrame.new( -0.0442735925, -0.165024757, 0.0139180422, 0.0368051305, -0.999303758, 0.00612976961, 0.974363923, 0.0345228352, -0.222313017, 0.221946627, 0.0141548645, 0.974956095 );
      ["Hd"] = CFrame.new( 1.34110451e-07, -5.40167093e-08, 0.018294096, 0.986050785, -0.116368309, -0.119005352, 0.105433777, 0.989935577, -0.0943998694, 0.128792793, 0.0805358738, 0.98839587 );
  }, 
  [0.75] = {
      ["Lm"] = CFrame.new( -0.841575086, -0.335173994, 0.0618661642, -0.992449224, 0.0826605037, -0.0906186998, -0.0808057413, 0.115189418, 0.990051508, 0.092276521, 0.989898324, -0.107640281 );
      ["To"] = CFrame.new( -0.160150185, 0.164707124, -0.63940382, 0.99533391, -0.0581298284, -0.0770152956, 0.0779134855, 0.955025315, 0.286105216, 0.0569203049, -0.290770739, 0.955098152 );
      ["Ht"] = CFrame.new( 0, 0, 0, 1, 0, 0, 0, 1, 0, 0, 0, 1 );
      ["Rm"] = CFrame.new( 0.666061044, -0.858563423, -0.0272280574, -0.989772141, -0.094726637, 0.106667683, 0.117764585, -0.120535284, 0.985699117, -0.080514662, 0.988179266, 0.130457759 );
      ["Lg"] = CFrame.new( 0.114818297, -0.0695170164, -0.00842583179, 0.292394251, 0.955515385, 0.0386767201, -0.947856903, 0.294938058, -0.120742768, -0.126778826, -0.00135548762, 0.991930127 );
      ["Rg"] = CFrame.new( 0.916041195, -0.0237005949, 0.146842837, 0.541491151, 0.832151473, -0.119628817, -0.823577225, 0.553638577, 0.123309508, 0.168843403, 0.0317524895, 0.985131323 );
      ["Hd"] = CFrame.new( 7.63684511e-08, 7.17118382e-08, 0.018294096, 0.997576237, 0.0262632798, -0.0644358471, -0.0357335769, 0.98795855, -0.150536224, 0.0597063564, 0.152473912, 0.986502409 );
  }, 
  [2.7083332538605] = {
      ["Lm"] = CFrame.new( -0.765960097, -0.597622514, 0.105621576, -0.990301251, 0.137189582, -0.0219695307, -0.035583701, -0.0975867882, 0.994590759, 0.134303629, 0.985726118, 0.101521954 );
      ["To"] = CFrame.new( -0.0229254961, 0.13107419, -0.46569705, 0.988775194, 0.0491309352, 0.141102001, -0.0816087276, 0.968662262, 0.234591991, -0.125154465, -0.243473902, 0.961798728 );
      ["Ht"] = CFrame.new( 0, 0, 0, 1, 0, 0, 0, 1, 0, 0, 0, 1 );
      ["Rm"] = CFrame.new( 0.707018614, -0.73228991, -0.0514800549, -0.999466181, -0.0311574899, 0.00982747041, 0.00538449502, 0.139596388, 0.990193844, -0.0322237462, 0.989718139, -0.139354184 );
      ["Lg"] = CFrame.new( -0.855220139, 0.203971982, -0.0110182762, 0.74951601, -0.661906362, 0.0102911154, 0.637688577, 0.726091325, 0.257185876, -0.177705303, -0.186202392, 0.966307104 );
      ["Rg"] = CFrame.new( 0.230478942, 0.342954814, 0.0872311592, 0.81845808, -0.574558675, -0.00299474271, 0.568656981, 0.810774684, -0.138830081, 0.0821941495, 0.111923531, 0.990311682 );
      ["Hd"] = CFrame.new( 7.82310963e-08, -5.12227416e-09, 0.0182944536, 0.99017477, -0.108193055, -0.0885909051, 0.101432972, 0.991814494, -0.0775595009, 0.0962571204, 0.0678113997, 0.9930439 );
  }, 
  [0.70833331346512] = {
      ["Lm"] = CFrame.new( -0.832811236, -0.334150732, 0.0622980595, -0.995419979, 0.0629317909, -0.0719637871, -0.0648946315, 0.107946612, 0.992036462, 0.0701989383, 0.992162883, -0.103368305 );
      ["To"] = CFrame.new( -0.161767572, 0.157016039, -0.695389271, 0.995937586, -0.0625448078, -0.0647804216, 0.0779858679, 0.958768666, 0.273278087, 0.0450173095, -0.277219832, 0.959751427 );
      ["Ht"] = CFrame.new( 0, 0, 0, 1, 0, 0, 0, 1, 0, 0, 0, 1 );
      ["Rm"] = CFrame.new( 0.669472933, -0.852702022, -0.0298252106, -0.993801594, -0.0805969685, 0.0765680894, 0.0853013471, -0.111170754, 0.990133822, -0.071289584, 0.990527749, 0.117356628 );
      ["Lg"] = CFrame.new( 0.096512422, -0.0537955761, 0.00888705254, 0.257698178, 0.966217995, 0.00380868791, -0.962428212, 0.257032603, -0.0875569433, -0.0855780765, 0.0188977066, 0.996152222 );
      ["Rg"] = CFrame.new( 0.949538589, -0.000144004822, 0.154504895, 0.539409459, 0.832421958, -0.126929373, -0.828141332, 0.55172044, 0.0989274755, 0.152378947, 0.0517530143, 0.986966252 );
      ["Hd"] = CFrame.new( 7.82310963e-08, -5.86733222e-08, 0.0182942152, 0.997594357, 0.0307383277, -0.0621350259, -0.0385473035, 0.990938306, -0.128668174, 0.0576169267, 0.13075377, 0.989739299 );
  }, 
  [2.8333332538605] = {
      ["Lm"] = CFrame.new( -0.822876334, -0.359687418, 0.0892008543, -0.993465662, 0.0981786773, -0.0581977516, -0.0579012148, 0.00586941559, 0.998305082, 0.0983539224, 0.99515152, -0.000146512059 );
      ["To"] = CFrame.new( -0.0792714506, 0.120987892, -0.440529823, 0.99752599, -0.0139992982, 0.0688909739, -0.00163298252, 0.975092351, 0.221793264, -0.0702800155, -0.221357033, 0.972657084 );
      ["Ht"] = CFrame.new( 0, 0, 0, 1, 0, 0, 0, 1, 0, 0, 0, 1 );
      ["Rm"] = CFrame.new( 0.697639346, -0.758006215, -0.0394918323, -0.999153733, -0.0342176557, 0.0228279978, 0.0209526233, 0.0541977435, 0.998310328, -0.0353969708, 0.997943759, -0.0534350164 );
      ["Lg"] = CFrame.new( -0.0957457274, 0.344963789, -0.0321729779, 0.697835147, 0.71465987, -0.0478287116, -0.703642905, 0.69649148, 0.140664384, 0.133839428, -0.0645062104, 0.988901377 );
      ["Rg"] = CFrame.new( 0.823856592, 0.0030452013, 0.0939935446, 0.778067172, 0.624056935, -0.0718644485, -0.62816143, 0.773839474, -0.0811524019, 0.00496788975, 0.108284451, 0.994107604 );
      ["Hd"] = CFrame.new( 8.02683644e-08, 1.65891834e-09, 0.0182943344, 0.997171879, -0.0324737839, -0.067777954, 0.0278030708, 0.997246265, -0.0687526986, 0.0698239952, 0.0666738302, 0.995328784 );
  }, 
  [3.0416667461395] = {
      ["Lm"] = CFrame.new( -0.847454488, -0.340604544, 0.151812315, -0.994532704, 0.0640015379, -0.0825142935, -0.0698948652, 0.179094106, 0.981346011, 0.0775855258, 0.981747985, -0.173641637 );
      ["To"] = CFrame.new( -0.183384329, 0.26841718, -0.683477879, 0.99411881, -0.0528305285, -0.0945345685, 0.0821634829, 0.936610758, 0.340601653, 0.0705479309, -0.34636578, 0.935443103 );
      ["Ht"] = CFrame.new( 0, 0, 0, 1, 0, 0, 0, 1, 0, 0, 0, 1 );
      ["Rm"] = CFrame.new( 0.635394931, -0.996373773, -0.159454346, -0.988704145, -0.113281466, 0.0981403217, 0.118053615, -0.185160756, 0.97559154, -0.0923446342, 0.976157248, 0.1964425 );
      ["Lg"] = CFrame.new( 0.117317781, 0.0138270259, 0.0183290243, 0.297630876, 0.95354712, 0.0465168282, -0.954377413, 0.295954168, 0.0396844558, 0.0240740981, -0.0562058762, 0.99812901 );
      ["Rg"] = CFrame.new( 0.780534983, 0.0846287012, 0.310428977, 0.470394731, 0.827262223, -0.307190448, -0.801680803, 0.546104789, 0.24305892, 0.368831635, 0.131934926, 0.920085013 );
      ["Hd"] = CFrame.new( 1.2665987e-07, -6.05359674e-08, 0.0182942152, 0.995610952, 0.0353734121, -0.0866465867, -0.0394971892, 0.99814415, -0.0463498086, 0.0848462731, 0.0495685302, 0.995160341 );
  }, 
  [2.9583332538605] = {
      ["Lm"] = CFrame.new( -0.83272028, -0.333180904, 0.0903097391, -0.996477187, 0.0497407392, -0.0675208643, -0.0617033765, 0.110422134, 0.991967618, 0.0567970648, 0.992639422, -0.106964029 );
      ["To"] = CFrame.new( -0.167054474, 0.168824553, -0.716066599, 0.996552646, -0.0722373798, -0.0407994092, 0.0804551765, 0.961487353, 0.262809932, 0.0202434156, -0.265186459, 0.963984609 );
      ["Ht"] = CFrame.new( 0, 0, 0, 1, 0, 0, 0, 1, 0, 0, 0, 1 );
      ["Rm"] = CFrame.new( 0.663943768, -0.882315695, -0.0659288764, -0.995193899, -0.0735559091, 0.0646429956, 0.071924597, -0.101084486, 0.992274642, -0.0664531663, 0.992154956, 0.105889045 );
      ["Lg"] = CFrame.new( 0.0469726473, 0.113521218, 0.0301027298, 0.327983022, 0.944270074, -0.0279504284, -0.94369489, 0.326142877, -0.0554162897, -0.0432121567, 0.0445522815, 0.998072028 );
      ["Rg"] = CFrame.new( 0.901828468, 0.0257722139, 0.225250602, 0.549836755, 0.810329437, -0.202597916, -0.816133142, 0.572820783, 0.0761781186, 0.177781776, 0.123461306, 0.976294518 );
      ["Hd"] = CFrame.new( 7.07805157e-08, -8.38190317e-09, 0.0182942152, 0.997153342, 0.0409049131, -0.0633418635, -0.0444351323, 0.997476935, -0.0553650372, 0.0609173439, 0.0580220446, 0.996455073 );
  }, 
  [0.79166668653488] = {
      ["Lm"] = CFrame.new( -0.854079783, -0.357903451, 0.0661065578, -0.985515356, 0.0954309478, -0.140187442, -0.129132494, 0.113559626, 0.985103607, 0.109929055, 0.988937497, -0.0995915979 );
      ["To"] = CFrame.new( -0.147971451, 0.162092865, -0.543523312, 0.996529162, -0.0560337715, -0.0615613759, 0.0703352243, 0.962328017, 0.262636065, 0.0445257537, -0.266054422, 0.96292913 );
      ["Ht"] = CFrame.new( 0, 0, 0, 1, 0, 0, 0, 1, 0, 0, 0, 1 );
      ["Rm"] = CFrame.new( 0.663374364, -0.858719468, -0.0254765749, -0.981165171, -0.102825262, 0.163529769, 0.174434677, -0.107916586, 0.978737235, -0.0829912573, 0.988828123, 0.123820171 );
      ["Lg"] = CFrame.new( -0.0193790458, 0.380981088, 0.0348470211, 0.643857121, 0.761649489, 0.0730630234, -0.753006041, 0.647688568, -0.116110012, -0.135757253, 0.0197413918, 0.990545511 );
      ["Rg"] = CFrame.new( 0.859181941, -0.0275259018, 0.131361961, 0.609670699, 0.784667552, -0.112242311, -0.779242873, 0.619254231, 0.0964614227, 0.145196766, 0.0286542606, 0.988987803 );
      ["Hd"] = CFrame.new( 1.09896064e-07, -8.94069672e-08, 0.0182944536, 0.997835696, 0.0198642928, -0.0626860783, -0.027461756, 0.992055416, -0.122768, 0.0597493686, 0.124223828, 0.99045366 );
  }, 
  [0.875] = {
      ["Lm"] = CFrame.new( -0.878620028, -0.473113418, 0.0877841711, -0.946897566, 0.0877961665, -0.309316844, -0.302133352, 0.0861636177, 0.949363649, 0.110002391, 0.992404997, -0.0550621152 );
      ["To"] = CFrame.new( -0.105486088, 0.113788635, -0.277835369, 0.998470962, -0.0547467545, -0.00765058538, 0.0552787334, 0.988879025, 0.13806732, 6.76690615e-06, -0.13827911, 0.9903934 );
      ["Ht"] = CFrame.new( 0, 0, 0, 1, 0, 0, 0, 1, 0, 0, 0, 1 );
      ["Rm"] = CFrame.new( 0.657262743, -0.839881539, -0.0233106017, -0.941814423, -0.0927310288, 0.323089182, 0.328205466, -0.0461698845, 0.943477452, -0.072572574, 0.994620264, 0.0739181116 );
      ["Lg"] = CFrame.new( -0.302556545, 0.355127513, -0.0102390647, 0.974481225, 0.177183151, 0.137813389, -0.180383787, 0.983534932, 0.0109914094, -0.133596838, -0.0355702601, 0.990397215 );
      ["Rg"] = CFrame.new( 0.594342768, 0.0142469406, 0.126820803, 0.824749529, 0.544110417, -0.154051766, -0.546806395, 0.836787939, 0.0280860756, 0.144190654, 0.0610724688, 0.987663567 );
      ["Hd"] = CFrame.new( 8.4284693e-08, -1.25728548e-08, 0.0182944536, 0.998285055, 0.00722876238, -0.0580932125, -0.00917806383, 0.999401331, -0.0333580896, 0.0578172989, 0.0338340439, 0.99775368 );
  }, 
  [0.20833332836628] = {
      ["Lm"] = CFrame.new( -0.823721468, -0.354747534, 0.106682539, -0.996391475, 0.0843125135, -0.00977897178, 0.000402252481, 0.119901821, 0.992785752, 0.0848768502, 0.989199221, -0.119503096 );
      ["To"] = CFrame.new( -0.0303049386, 0.1449368, -0.793232679, 0.997888684, 0.0367277749, 0.0535669327, -0.0481881611, 0.971643567, 0.231488004, -0.0435459241, -0.23358053, 0.971361876 );
      ["Ht"] = CFrame.new( 0, 0, 0, 1, 0, 0, 0, 1, 0, 0, 0, 1 );
      ["Rm"] = CFrame.new( 0.675823033, -0.914663315, -0.0795876384, -0.995416164, -0.0920495987, 0.0259563103, 0.0386994667, -0.139481023, 0.989468217, -0.0874596834, 0.985937059, 0.142403886 );
      ["Lg"] = CFrame.new( -1.07440901, 0.326669872, -0.0133897066, 0.703649044, -0.710541844, -0.00292422133, 0.705767214, 0.698432326, 0.11868009, -0.0822848231, -0.0855729505, 0.992928326 );
      ["Rg"] = CFrame.new( -0.0785323232, -0.106296062, 0.0203491449, 0.258639276, -0.964454591, -0.0541588776, 0.953838348, 0.2638475, -0.143446818, 0.152637675, -0.0145578943, 0.988175035 );
      ["Hd"] = CFrame.new( 1.00582838e-07, -4.69153747e-08, 0.0182938576, 0.980936885, -0.100142404, -0.166536719, 0.0910337418, 0.993948579, -0.0614760779, 0.171685234, 0.045143649, 0.984117031 );
  }, 
  [0.83333331346512] = {
      ["Lm"] = CFrame.new( -0.867978692, -0.416257858, 0.0767146349, -0.968780339, 0.0940748006, -0.229378983, -0.219613716, 0.103686012, 0.970061421, 0.115041792, 0.990151107, -0.0797889382 );
      ["To"] = CFrame.new( -0.121180087, 0.146291137, -0.421246767, 0.998097122, -0.0551587418, -0.0275651179, 0.0595619753, 0.978093624, 0.199462458, 0.0159591697, -0.200724706, 0.979517698 );
      ["Ht"] = CFrame.new( 0, 0, 0, 1, 0, 0, 0, 1, 0, 0, 0, 1 );
      ["Rm"] = CFrame.new( 0.660193384, -0.854505599, -0.0245243311, -0.962961018, -0.101195335, 0.24993141, 0.25813207, -0.0780621991, 0.962950766, -0.0779358372, 0.991799355, 0.101292543 );
      ["Lg"] = CFrame.new( -0.252516687, 0.528848648, 0.0116569996, 0.917920828, 0.383129001, 0.103120029, -0.381616533, 0.923665285, -0.0348054692, -0.108583398, -0.00740362704, 0.994059801 );
      ["Rg"] = CFrame.new( 0.764101684, 0.00221055746, 0.122561693, 0.726833463, 0.676468551, -0.118757986, -0.676067829, 0.735152066, 0.0498373024, 0.121018618, 0.0440650396, 0.991671681 );
      ["Hd"] = CFrame.new( 9.68575478e-08, 2.51457095e-08, 0.0182938576, 0.998172462, 0.0114563927, -0.0593348294, -0.0151387854, 0.997962058, -0.0619883984, 0.058503747, 0.0627733693, 0.996311665 );
  }, 
  [0.91666668653488] = {
      ["Lm"] = CFrame.new( -0.882652402, -0.492379606, 0.0932084322, -0.937323511, 0.0868708342, -0.337458223, -0.332490027, 0.0668549091, 0.940734148, 0.104283154, 0.993973851, -0.0337810665 );
      ["To"] = CFrame.new( -0.102941617, 0.0399814993, -0.0958497524, 0.998475492, -0.0550211966, -0.00442183297, 0.0551949441, 0.994279683, 0.0914418623, -0.00063470169, -0.0915465206, 0.995800614 );
      ["Ht"] = CFrame.new( 0, 0, 0, 1, 0, 0, 0, 1, 0, 0, 0, 1 );
      ["Rm"] = CFrame.new( 0.655858457, -0.813897371, -0.0210833549, -0.933393776, -0.0868961513, 0.348174125, 0.351625949, -0.0277166311, 0.935730278, -0.0716610476, 0.995831788, 0.0564253442 );
      ["Lg"] = CFrame.new( -0.098127991, 0.193252027, -0.01457268, 0.945431054, 0.179500654, 0.271918625, -0.191316083, 0.981375098, 0.0173533242, -0.263739288, -0.0684288293, 0.962163746 );
      ["Rg"] = CFrame.new( 0.234136596, 0.0131585598, 0.0879491568, 0.89395225, 0.369223684, -0.254014194, -0.369098485, 0.928044677, 0.0499957204, 0.254196197, 0.0490623862, 0.965907514 );
      ["Hd"] = CFrame.new( 1.02212653e-07, 1.86264515e-08, 0.0182938576, 0.998285174, 0.00446671294, -0.0583677292, -0.00642708596, 0.999419987, -0.0334421508, 0.0581844896, 0.0337599441, 0.997734904 );
  }, 
  [0.25] = {
      ["Lm"] = CFrame.new( -0.811384559, -0.392715871, 0.10533464, -0.995604098, 0.0935440809, -0.00469017401, 0.00238124118, 0.0753397122, 0.99715513, 0.0936313793, 0.992760599, -0.0752313361 );
      ["To"] = CFrame.new( -0.00867840648, 0.164631724, -0.908520222, 0.99510771, 0.0466701202, 0.0870779827, -0.0662566274, 0.96905309, 0.237794369, -0.0732852891, -0.242400482, 0.967404485 );
      ["Ht"] = CFrame.new( 0, 0, 0, 1, 0, 0, 0, 1, 0, 0, 0, 1 );
      ["Rm"] = CFrame.new( 0.686309218, -0.871255815, -0.0695018768, -0.996817887, -0.0776724741, 0.0179242957, 0.0246712212, -0.0867950991, 0.995920718, -0.0757998079, 0.993193746, 0.0884350836 );
      ["Lg"] = CFrame.new( -1.09155631, 0.480261326, -0.05520612, 0.706521094, -0.707691848, -0.000507217075, 0.696721137, 0.695442438, 0.17589657, -0.124127842, -0.124627933, 0.984408617 );
      ["Rg"] = CFrame.new( -0.0614053234, -0.138873339, 0.0175563097, 0.12208049, -0.992252886, -0.0230388902, 0.974601388, 0.124235049, -0.186327234, 0.187746003, 0.00029316009, 0.98221761 );
      ["Hd"] = CFrame.new( 8.7544322e-08, 5.07570803e-08, 0.0182943344, 0.983232737, -0.108496383, -0.146567762, 0.0965072662, 0.991558552, -0.0865909159, 0.154725373, 0.0709941164, 0.985403419 );
  }, 
  [0.95833331346512] = {
      ["Lm"] = CFrame.new( -0.866112888, -0.447855413, 0.0944613218, -0.974177241, 0.0962925479, -0.204221815, -0.201253369, 0.0396968201, 0.978734553, 0.102351859, 0.994561255, -0.0192926358 );
      ["To"] = CFrame.new( -0.10148827, -0.0510774702, -0.329696894, 0.998473227, -0.0551795103, -0.00257764827, 0.0552386045, 0.997073174, 0.0528560504, -0.000346467219, -0.0529177301, 0.998598814 );
      ["Ht"] = CFrame.new( 0, 0, 0, 1, 0, 0, 0, 1, 0, 0, 0, 1 );
      ["Rm"] = CFrame.new( 0.687170386, -0.756706357, -0.0166410208, -0.97277081, -0.0790707767, 0.217864662, 0.219995424, -0.0192124639, 0.975311697, -0.0729328468, 0.996683955, 0.0360844359 );
      ["Lg"] = CFrame.new( -0.0145709552, 0.436965168, -0.0318427682, 0.838770866, 0.231022164, 0.49304378, -0.339540094, 0.92981869, 0.141949952, -0.425647765, -0.286471546, 0.858346105 );
      ["Rg"] = CFrame.new( 0.0793890432, 0.458798766, 0.122203112, 0.704742491, 0.235092402, -0.669380009, -0.0778253898, 0.963425398, 0.25642702, 0.705181777, -0.128620312, 0.697262883 );
      ["Hd"] = CFrame.new( 9.42527549e-08, 1.83936208e-08, 0.0182942152, 0.998285174, 0.00221300777, -0.0584980398, -0.00417888304, 0.999429822, -0.0335049666, 0.0583905429, 0.0336919539, 0.997725189 );
  }, 
  [1.125] = {
      ["Lm"] = CFrame.new( -0.840404272, -0.480974942, 0.0947761536, -0.992564678, 0.105389901, -0.0608975254, -0.0644843057, -0.0309641287, 0.997438312, 0.103234321, 0.993948877, 0.0375297889 );
      ["To"] = CFrame.new( -0.101856478, -0.14567557, -0.989468575, 0.998470962, -0.0551948138, -0.0030448765, 0.0552787334, 0.996961832, 0.0548757873, 6.7675619e-06, -0.054960195, 0.998488545 );
      ["Ht"] = CFrame.new( 0, 0, 0, 1, 0, 0, 0, 1, 0, 0, 0, 1 );
      ["Rm"] = CFrame.new( 0.714649916, -0.793463707, -0.0132879019, -0.993878961, -0.0782390609, 0.0779958069, 0.0833884105, -0.0682024807, 0.994180441, -0.0724641681, 0.994598985, 0.0743091777 );
      ["Lg"] = CFrame.new( 0.26358366, 0.465474069, -0.333761394, 0.656276464, 0.363332063, 0.661279917, -0.736132979, 0.500628889, 0.455498695, -0.165558591, -0.785722911, 0.596011698 );
      ["Rg"] = CFrame.new( -0.343394071, 0.495933652, -0.420068264, 0.577220559, -0.0663917437, -0.813884795, 0.699211776, 0.555019677, 0.450617462, 0.421804816, -0.829183578, 0.366790771 );
      ["Hd"] = CFrame.new( 8.28949851e-08, -2.18860805e-08, 0.0182943344, 0.998182356, 0.000583723246, -0.0602649041, -0.00449021487, 0.997894228, -0.0647070408, 0.0601002276, 0.0648600161, 0.996082962 );
  }, 
  [1.0833333730698] = {
      ["Lm"] = CFrame.new( -0.840404212, -0.480974793, 0.0947761536, -0.992564678, 0.105389863, -0.0608975254, -0.0644843057, -0.030964138, 0.997438312, 0.103234321, 0.993948817, 0.0375298597 );
      ["To"] = CFrame.new( -0.102087937, -0.141495004, -1.00292623, 0.998470962, -0.0551778153, -0.00333857001, 0.0552787222, 0.996655703, 0.0601806566, 6.7675237e-06, -0.0602731891, 0.998181939 );
      ["Ht"] = CFrame.new( 0, 0, 0, 1, 0, 0, 0, 1, 0, 0, 0, 1 );
      ["Rm"] = CFrame.new( 0.714649916, -0.793464065, -0.0132878423, -0.993878901, -0.0782393962, 0.0779958293, 0.0833884403, -0.0682024434, 0.994180501, -0.0724644959, 0.994598925, 0.0743092149 );
      ["Lg"] = CFrame.new( 0.28291285, 0.441450298, -0.336116791, 0.646075487, 0.370090306, 0.667547584, -0.747636259, 0.482971579, 0.455827236, -0.153709307, -0.793581486, 0.588729084 );
      ["Rg"] = CFrame.new( -0.356760472, 0.486726701, -0.427736759, 0.562984049, -0.067450203, -0.82371068, 0.711377442, 0.546887636, 0.441424966, 0.420703083, -0.834484577, 0.355871677 );
      ["Hd"] = CFrame.new( 9.40381142e-08, 3.3993274e-08, 0.018294096, 0.998182297, 0.000904427317, -0.0602609366, -0.00480999239, 0.997893393, -0.0646974072, 0.060075473, 0.0648696646, 0.996083856 );
  }, 
  [1.0416666269302] = {
      ["Lm"] = CFrame.new( -0.840917408, -0.440659195, 0.0946954489, -0.992578983, 0.104699343, -0.0618470758, -0.0639493689, -0.0168396048, 0.997811139, 0.103428721, 0.99436146, 0.0234099776 );
      ["To"] = CFrame.new( -0.101561546, -0.142250463, -0.917059422, 0.998470962, -0.055214189, -0.00267062476, 0.0552787296, 0.997311056, 0.0481158309, 6.76738864e-06, -0.0481898971, 0.998838186 );
      ["Ht"] = CFrame.new( 0, 0, 0, 1, 0, 0, 0, 1, 0, 0, 0, 1 );
      ["Rm"] = CFrame.new( 0.717011511, -0.754708052, -0.0135552287, -0.993896604, -0.0770188496, 0.0789796412, 0.0826812461, -0.0461150557, 0.995508611, -0.0730306879, 0.99596262, 0.052201502 );
      ["Lg"] = CFrame.new( 0.430518419, 0.212509096, -0.325143993, 0.577054143, 0.452239007, 0.680064976, -0.811322451, 0.412880957, 0.41386652, -0.0936192796, -0.790575385, 0.605166137 );
      ["Rg"] = CFrame.new( -0.493572861, 0.270234883, -0.469136178, 0.524584353, -0.143678799, -0.839147031, 0.774809539, 0.489046156, 0.400629967, 0.352819562, -0.860343158, 0.367869616 );
      ["Hd"] = CFrame.new( 9.19717422e-08, -3.63215804e-08, 0.0182943344, 0.998234034, 0.00106846169, -0.0593951009, -0.00399176078, 0.998784959, -0.0491209142, 0.0592704527, 0.0492712595, 0.997025311 );
  }, 
  [1.25] = {
      ["Lm"] = CFrame.new( -0.840559661, -0.454769611, 0.109323621, -0.992932498, 0.0977299511, -0.0673356131, -0.0664351955, 0.0124423187, 0.997713268, 0.0983443111, 0.995135248, -0.00586174754 );
      ["To"] = CFrame.new( -0.118223421, -0.0445393324, -0.496400356, 0.998038292, -0.0579012744, -0.0238133185, 0.0602523312, 0.991641939, 0.114087455, 0.0170084778, -0.11529845, 0.993185282 );
      ["Ht"] = CFrame.new( 0, 0, 0, 1, 0, 0, 0, 1, 0, 0, 0, 1 );
      ["Rm"] = CFrame.new( 0.697725594, -0.834783375, -0.0460921526, -0.992884219, -0.0848220959, 0.0835836828, 0.0911067501, -0.0890818611, 0.991848767, -0.0766848326, 0.992406011, 0.0961758271 );
      ["Lg"] = CFrame.new( -0.100038871, 0.626710892, -0.167624414, 0.87349081, 0.338858485, 0.349555105, -0.452629656, 0.829660356, 0.32678771, -0.179277271, -0.443665057, 0.878078103 );
      ["Rg"] = CFrame.new( 0.215651497, 0.63169241, -0.0337385535, 0.791479528, 0.253047019, -0.55635184, 0.0358351804, 0.889489233, 0.455548882, 0.610144317, -0.380494654, 0.69494462 );
      ["Hd"] = CFrame.new( 8.1025064e-08, -4.56348062e-08, 0.018294096, 0.998172641, 0.00694161421, -0.0600269474, -0.0106843058, 0.998003125, -0.0622558147, 0.0594749115, 0.0627834201, 0.99625349 );
  }, 
  [0.29166665673256] = {
      ["Lm"] = CFrame.new( -0.795233548, -0.456484318, 0.104828954, -0.994375348, 0.105772309, -0.0054605538, -0.00379702402, 0.0159223974, 0.999866009, 0.105845146, 0.994262993, -0.015431283 );
      ["To"] = CFrame.new( 0.00020840764, 0.182040334, -0.955640793, 0.991691589, 0.0555254593, 0.116037607, -0.0823642015, 0.966974139, 0.241199404, -0.0988126621, -0.248752773, 0.963513434 );
      ["Ht"] = CFrame.new( 0, 0, 0, 1, 0, 0, 0, 1, 0, 0, 0, 1 );
      ["Rm"] = CFrame.new( 0.695734203, -0.820628345, -0.0631943345, -0.998016894, -0.0617553517, 0.0121963471, 0.0129324337, -0.0115344124, 0.999849856, -0.0616053492, 0.998024762, 0.0123101566 );
      ["Lg"] = CFrame.new( -1.08030891, 0.576506376, -0.093923986, 0.715496778, -0.698542833, 0.0101144332, 0.676845968, 0.696714103, 0.237632081, -0.173043087, -0.163179055, 0.971302629 );
      ["Rg"] = CFrame.new( -0.0442735925, -0.165024757, 0.0139180422, 0.0368051305, -0.999303758, 0.00612976961, 0.974363923, 0.0345228352, -0.222313017, 0.221946627, 0.0141548645, 0.974956095 );
      ["Hd"] = CFrame.new( 1.34110451e-07, -5.40167093e-08, 0.018294096, 0.986050785, -0.116368309, -0.119005352, 0.105433777, 0.989935577, -0.0943998694, 0.128792793, 0.0805358738, 0.98839587 );
  }, 
  [1.1666666269302] = {
      ["Lm"] = CFrame.new( -0.840404391, -0.480974823, 0.0947762728, -0.992564619, 0.105389915, -0.0608975366, -0.0644843057, -0.0309641846, 0.997438312, 0.103234366, 0.993948877, 0.0375298373 );
      ["To"] = CFrame.new( -0.101405762, -0.153815359, -0.840970278, 0.9984712, -0.0552190952, -0.00247294805, 0.0552744418, 0.997476995, 0.0445470102, 6.86352269e-06, -0.0446155965, 0.999004245 );
      ["Ht"] = CFrame.new( 0, 0, 0, 1, 0, 0, 0, 1, 0, 0, 0, 1 );
      ["Rm"] = CFrame.new( 0.714649975, -0.793463826, -0.0132878423, -0.993878961, -0.0782387853, 0.0779958367, 0.0833884031, -0.0682025254, 0.994180441, -0.0724638849, 0.994599044, 0.0743091553 );
      ["Lg"] = CFrame.new( 0.2081604, 0.477929115, -0.297109902, 0.712712765, 0.347516447, 0.609321594, -0.673679471, 0.581135392, 0.456549883, -0.195439756, -0.735876322, 0.64829725 );
      ["Rg"] = CFrame.new( -0.303493023, 0.484595776, -0.36657846, 0.640836298, -0.0658522993, -0.764847815, 0.627524555, 0.618836761, 0.472497672, 0.442200929, -0.782754481, 0.437897176 );
      ["Hd"] = CFrame.new( 8.92359822e-08, -1.90921128e-08, 0.018294096, 0.998182356, -4.05038991e-05, -0.0602674298, -0.00386748533, 0.997895598, -0.064726077, 0.0601432286, 0.0648415163, 0.996081531 );
  }, 
  [1.375] = {
      ["Lm"] = CFrame.new( -0.844900429, -0.346880466, 0.157938242, -0.994232535, 0.0665142015, -0.084128499, -0.071592465, 0.1724381, 0.98241514, 0.0798515752, 0.982772112, -0.166681737 );
      ["To"] = CFrame.new( -0.168576762, 0.249413371, -0.756374359, 0.994592309, -0.0556190982, -0.0877080113, 0.0807637349, 0.945152402, 0.316487193, 0.0652946979, -0.32185936, 0.944533288 );
      ["Ht"] = CFrame.new( 0, 0, 0, 1, 0, 0, 0, 1, 0, 0, 0, 1 );
      ["Rm"] = CFrame.new( 0.637224495, -0.988839865, -0.157708466, -0.988815963, -0.110369831, 0.10030809, 0.118995979, -0.178407356, 0.976734877, -0.0899062753, 0.977747142, 0.189545482 );
      ["Lg"] = CFrame.new( 0.111067288, -0.020737648, 0.0203818083, 0.253645301, 0.966733158, 0.0330333635, -0.966790318, 0.25447011, -0.0236977283, -0.0313154235, -0.025925504, 0.999173343 );
      ["Rg"] = CFrame.new( 0.814962804, 0.160476744, 0.323680401, 0.471596718, 0.819799483, -0.324846715, -0.795236528, 0.554569721, 0.245053887, 0.381045252, 0.142763332, 0.913467765 );
      ["Hd"] = CFrame.new( 7.06641003e-08, -1.71363354e-07, 0.0182939768, 0.997601092, 0.0290417559, -0.0628390461, -0.0322176814, 0.998222888, -0.0501317531, 0.0612714402, 0.0520360358, 0.996763825 );
  }, 
  [0.08333333581686] = {
      ["Lm"] = CFrame.new( -0.845922232, -0.335515708, 0.117985606, -0.994818091, 0.0606944002, -0.0815669224, -0.0679757148, 0.199535146, 0.977530062, 0.0756061226, 0.978009224, -0.1943755 );
      ["To"] = CFrame.new( -0.107242018, 0.176819801, -0.501671314, 0.998372197, -0.0362165682, -0.0440605544, 0.045214694, 0.973454237, 0.224371269, 0.034764979, -0.225998223, 0.973507166 );
      ["Ht"] = CFrame.new( 0, 0, 0, 1, 0, 0, 0, 1, 0, 0, 0, 1 );
      ["Rm"] = CFrame.new( 0.627257168, -1.03280234, -0.140494347, -0.988423347, -0.116566449, 0.0971167833, 0.119673803, -0.205534294, 0.971305311, -0.0932607055, 0.971683085, 0.217104837 );
      ["Lg"] = CFrame.new( -0.466299683, 0.848659039, 0.0627081394, 0.990647435, 0.125561506, 0.0534041934, -0.125216588, 0.992081404, -0.00977137871, -0.0542082377, 0.00299296156, 0.998525202 );
      ["Rg"] = CFrame.new( 0.165671229, 0.740858555, 0.224265575, 0.907935739, -0.301078588, -0.291555226, 0.272504717, 0.952618837, -0.135124534, 0.318424076, 0.0432341211, 0.946961999 );
      ["Hd"] = CFrame.new( 7.07805157e-08, 3.86498868e-08, 0.0182942152, 0.996778548, -0.0242753252, -0.0764412731, 0.028148476, 0.99835217, 0.0500053987, 0.0751013979, -0.0519960634, 0.99581939 );
  }, 
  [0.33333334326744] = {
      ["Lm"] = CFrame.new( -0.779374719, -0.527574778, 0.105269074, -0.992824674, 0.119112663, -0.0105508398, -0.0158419982, -0.0435626209, 0.99892509, 0.118525073, 0.991924644, 0.0451370291 );
      ["To"] = CFrame.new( -0.00957718492, 0.169088602, -0.898642302, 0.988499105, 0.0748411566, 0.131409734, -0.104836434, 0.96539551, 0.238790497, -0.108991019, -0.249820665, 0.962138653 );
      ["Ht"] = CFrame.new( 0, 0, 0, 1, 0, 0, 0, 1, 0, 0, 0, 1 );
      ["Rm"] = CFrame.new( 0.7026999, -0.773556471, -0.0591424704, -0.998853564, -0.0470212176, 0.00897705648, 0.0058337776, 0.0665632263, 0.997765183, -0.047513593, 0.996673703, -0.0662127212 );
      ["Lg"] = CFrame.new( -1.007815, 0.567513943, -0.062777698, 0.717042625, -0.694540262, 0.0588531829, 0.655481279, 0.700609207, 0.281941682, -0.237052947, -0.163587034, 0.957624793 );
      ["Rg"] = CFrame.new( -0.0278498083, -0.161605, 0.0155743361, 0.0427048095, -0.998548031, 0.0328353234, 0.975631177, 0.0345998444, -0.216672018, 0.215221316, 0.0412880555, 0.975692213 );
      ["Hd"] = CFrame.new( 1.15483999e-07, -3.7252903e-08, 0.018294692, 0.98750633, -0.118409202, -0.103974074, 0.109006077, 0.989783764, -0.0919012204, 0.113793813, 0.0794191882, 0.990324974 );
  }, 
  [1.3333333730698] = {
      ["Lm"] = CFrame.new( -0.842670083, -0.357658684, 0.157856107, -0.99401015, 0.0689212978, -0.0848164111, -0.0726909563, 0.162577316, 0.98401463, 0.0816088393, 0.984285831, -0.156593606 );
      ["To"] = CFrame.new( -0.160679981, 0.234226704, -0.642125845, 0.99533391, -0.0572282672, -0.0776875615, 0.0779134706, 0.951625884, 0.297216505, 0.0569203123, -0.301882565, 0.951644361 );
      ["Ht"] = CFrame.new( 0, 0, 0, 1, 0, 0, 0, 1, 0, 0, 0, 1 );
      ["Rm"] = CFrame.new( 0.640185952, -0.979352713, -0.153613031, -0.989009082, -0.10839738, 0.100554354, 0.117963091, -0.16847086, 0.978622735, -0.0891395956, 0.979728401, 0.179406092 );
      ["Lg"] = CFrame.new( 0.10688144, -0.0240911245, 0.0208218098, 0.348266274, 0.936971247, 0.0282044057, -0.936322033, 0.349149525, -0.0373602137, -0.0448530428, -0.0133970976, 0.998903871 );
      ["Rg"] = CFrame.new( 0.757173419, 0.105800629, 0.306298375, 0.524459302, 0.790057838, -0.31741333, -0.772058368, 0.598462164, 0.21393688, 0.358982384, 0.132860437, 0.923839808 );
      ["Hd"] = CFrame.new( 1.09896064e-07, 9.31322575e-10, 0.018294692, 0.99812007, 0.0252392199, -0.0558513403, -0.0281684548, 0.998234272, -0.0522968769, 0.054432787, 0.053771805, 0.997068644 );
  }, 
  [1.2916666269302] = {
      ["Lm"] = CFrame.new( -0.841193199, -0.395063221, 0.14178586, -0.993613899, 0.0796886086, -0.0798832774, -0.0709954202, 0.108733676, 0.991532564, 0.0876999199, 0.990871787, -0.102381758 );
      ["To"] = CFrame.new( -0.146324202, 0.140462041, -0.456516743, 0.996507764, -0.0586133376, -0.059471149, 0.0710949823, 0.969114065, 0.236142874, 0.0437932089, -0.239546299, 0.969896793 );
      ["Ht"] = CFrame.new( 0, 0, 0, 1, 0, 0, 0, 1, 0, 0, 0, 1 );
      ["Rm"] = CFrame.new( 0.660469472, -0.926861882, -0.117245972, -0.990445673, -0.0998108611, 0.0951586887, 0.108405933, -0.137009934, 0.984619975, -0.0852379948, 0.98552835, 0.146520883 );
      ["Lg"] = CFrame.new( -0.0577568188, 0.462360561, -0.0205080509, 0.739122093, 0.662539661, 0.121407047, -0.672248065, 0.736881673, 0.071330741, -0.0422032289, -0.134337813, 0.990036488 );
      ["Rg"] = CFrame.new( 0.565357804, 0.31461674, 0.233808041, 0.671762049, 0.627528667, -0.393628865, -0.535979569, 0.778548837, 0.326477766, 0.511333346, -0.00833844207, 0.859342039 );
      ["Hd"] = CFrame.new( 8.7544322e-08, -6.05359674e-08, 0.0182945728, 0.998139977, 0.0193707217, -0.0578058995, -0.0226384141, 0.998150527, -0.0564198047, 0.0566061065, 0.0576234572, 0.996732354 );
  }, 
  [0.375] = {
      ["Lm"] = CFrame.new( -0.768849969, -0.579644322, 0.105850577, -0.991327405, 0.130328089, -0.0168690477, -0.0280357264, -0.0843281895, 0.996043622, 0.128389969, 0.987878263, 0.0872506574 );
      ["To"] = CFrame.new( -0.0183722079, 0.146617115, -0.668550253, 0.988036931, 0.0655724779, 0.139582515, -0.0977018923, 0.966443837, 0.237572521, -0.119320452, -0.248367891, 0.96128875 );
      ["Ht"] = CFrame.new( 0, 0, 0, 1, 0, 0, 0, 1, 0, 0, 0, 1 );
      ["Rm"] = CFrame.new( 0.706351876, -0.742415309, -0.0555763245, -0.999301374, -0.0364392512, 0.00831464864, 0.00383748254, 0.121253684, 0.99261415, -0.0371782072, 0.991952538, -0.121029191 );
      ["Lg"] = CFrame.new( -0.913610995, 0.381541431, -0.035274148, 0.735242128, -0.67674315, 0.0379181057, 0.643488467, 0.714499533, 0.274614096, -0.212935746, -0.177507967, 0.960806668 );
      ["Rg"] = CFrame.new( 0.0483272299, 0.297166586, 0.0935844183, 0.513919353, -0.857726693, 0.0138509776, 0.846431434, 0.504395008, -0.170703009, 0.13943021, 0.0994514748, 0.985225201 );
      ["Hd"] = CFrame.new( 9.68575478e-08, -5.0291419e-08, 0.018294096, 0.988669872, -0.116300941, -0.0948996991, 0.108350061, 0.990469098, -0.0850375369, 0.103885151, 0.0737915784, 0.991848171 );
  }, 
  [1.5] = {
      ["Lm"] = CFrame.new( -0.847202182, -0.337462068, 0.142625451, -0.994610488, 0.0628619641, -0.0824529752, -0.0693941861, 0.187263936, 0.979855418, 0.0770361647, 0.980296254, -0.181892484 );
      ["To"] = CFrame.new( -0.163014695, 0.254608393, -0.576967239, 0.994692564, -0.051790271, -0.0889068991, 0.077984035, 0.943153381, 0.323079288, 0.0671204701, -0.328297883, 0.942186475 );
      ["Ht"] = CFrame.new( 0, 0, 0, 1, 0, 0, 0, 1, 0, 0, 0, 1 );
      ["Rm"] = CFrame.new( 0.632275581, -1.00980294, -0.158079982, -0.988583982, -0.114613786, 0.0978032723, 0.118763596, -0.193299204, 0.973925412, -0.0927199274, 0.974422455, 0.204704434 );
      ["Lg"] = CFrame.new( -0.0410882495, 0.531867683, 0.00850272179, 0.639150262, 0.76820451, 0.0367241614, -0.76908046, 0.638327301, 0.0324594229, 0.00149341451, -0.0489902869, 0.998798132 );
      ["Rg"] = CFrame.new( 0.776452363, 0.277227819, 0.286035061, 0.628362596, 0.706134319, -0.326396644, -0.685743809, 0.700902879, 0.196190193, 0.367309004, 0.100545868, 0.924648464 );
      ["Hd"] = CFrame.new( 6.70552254e-08, 0, 0.018294692, 0.996234238, 0.0245686769, -0.0831498802, -0.02647461, 0.999409676, -0.0218971632, 0.0825627819, 0.0240160991, 0.996296525 );
  }, 
  [1.4583333730698] = {
      ["Lm"] = CFrame.new( -0.847454488, -0.340604603, 0.151812315, -0.994532704, 0.0640015379, -0.0825142935, -0.0698948652, 0.179094106, 0.981346011, 0.0775855258, 0.981747985, -0.173641637 );
      ["To"] = CFrame.new( -0.173956558, 0.26841718, -0.7109375, 0.99411881, -0.0528305285, -0.0945345685, 0.0821634829, 0.936610758, 0.340601653, 0.0705479309, -0.34636578, 0.935443103 );
      ["Ht"] = CFrame.new( 0, 0, 0, 1, 0, 0, 0, 1, 0, 0, 0, 1 );
      ["Rm"] = CFrame.new( 0.635394931, -0.996373832, -0.159454167, -0.988704145, -0.113281466, 0.0981403217, 0.118053615, -0.185160756, 0.97559154, -0.0923446342, 0.976157248, 0.1964425 );
      ["Lg"] = CFrame.new( 0.115079202, 0.0150114894, 0.0185055733, 0.283287853, 0.958127499, 0.041711662, -0.958580673, 0.28154704, 0.0430649035, 0.0295178294, -0.052183751, 0.998201191 );
      ["Rg"] = CFrame.new( 0.787201643, 0.11232692, 0.320209026, 0.458786964, 0.829615474, -0.318202108, -0.799805164, 0.541582227, 0.258844584, 0.387074143, 0.135745123, 0.912001669 );
      ["Hd"] = CFrame.new( 7.4505806e-08, 1.00582838e-07, 0.018294096, 0.995610952, 0.0353734121, -0.0866465867, -0.0394971892, 0.99814415, -0.0463498086, 0.0848462731, 0.0495685302, 0.995160341 );
  }, 
  [1.4166666269302] = {
      ["Lm"] = CFrame.new( -0.846913159, -0.343084902, 0.15617907, -0.994397402, 0.0651720315, -0.0832251534, -0.070690766, 0.17536895, 0.981961668, 0.0785915405, 0.982343316, -0.16977945 );
      ["To"] = CFrame.new( -0.172543868, 0.255528986, -0.79599309, 0.994194031, -0.0545639955, -0.0927419513, 0.0819691345, 0.942414284, 0.32424739, 0.0697091073, -0.329966754, 0.941415191 );
      ["Ht"] = CFrame.new( 0, 0, 0, 1, 0, 0, 0, 1, 0, 0, 0, 1 );
      ["Rm"] = CFrame.new( 0.636575758, -0.991185248, -0.159409106, -0.988761902, -0.111923322, 0.099111706, 0.118391961, -0.181401864, 0.97625649, -0.0912867412, 0.97701925, 0.192613989 );
      ["Lg"] = CFrame.new( 0.116999671, -0.000446557999, 0.0192024708, 0.220939994, 0.974314451, 0.0435539074, -0.975255251, 0.220349759, 0.0179766659, 0.00791780185, -0.0464479253, 0.998889327 );
      ["Rg"] = CFrame.new( 0.832031906, 0.184141099, 0.327833056, 0.453086585, 0.828967452, -0.327911079, -0.800485551, 0.540210664, 0.259606034, 0.392345965, 0.144863993, 0.908338666 );
      ["Hd"] = CFrame.new( 8.24220479e-08, -2.14204192e-08, 0.0182939768, 0.996296048, 0.0339383408, -0.0790091231, -0.0378163606, 0.998125732, -0.048115436, 0.077228047, 0.0509250313, 0.995712042 );
  }, 
  [3] = {
      ["Lm"] = CFrame.new( -0.84333998, -0.33748135, 0.132202268, -0.995200813, 0.0594665371, -0.0777112246, -0.0673434436, 0.159950182, 0.984825253, 0.0709941462, 0.98533231, -0.155177921 );
      ["To"] = CFrame.new( -0.179658592, 0.235046506, -0.738437891, 0.994909763, -0.062055558, -0.0793956891, 0.0840876177, 0.945443571, 0.314747125, 0.05553234, -0.319821149, 0.945849121 );
      ["Ht"] = CFrame.new( 0, 0, 0, 1, 0, 0, 0, 1, 0, 0, 0, 1 );
      ["Rm"] = CFrame.new( 0.643651426, -0.963002324, -0.129729271, -0.990874946, -0.101418026, 0.0887764841, 0.104494199, -0.161997333, 0.981243074, -0.0851340964, 0.981565714, 0.17111662 );
      ["Lg"] = CFrame.new( 0.105692185, -0.00374472141, 0.0205609798, 0.249472588, 0.968119681, 0.022534119, -0.968375623, 0.249319315, 0.00941708684, 0.00349865109, -0.0241708253, 0.999701738 );
      ["Rg"] = CFrame.new( 0.843803942, 0.0872272849, 0.294075966, 0.48301214, 0.829401851, -0.280699104, -0.817455053, 0.542015851, 0.194900125, 0.313794017, 0.13531974, 0.939798892 );
      ["Hd"] = CFrame.new( 1.15483999e-07, 9.31322575e-08, 0.018294096, 0.996185362, 0.036724925, -0.0791592672, -0.0406504646, 0.997992575, -0.0485624932, 0.0772169158, 0.0515950955, 0.995678484 );
  }, 
  [2.9166667461395] = {
      ["Lm"] = CFrame.new( -0.82312429, -0.337440461, 0.0705803633, -0.997001529, 0.0457252227, -0.0624272227, -0.059386231, 0.0650901049, 0.996110737, 0.0496108159, 0.996831298, -0.0621795729 );
      ["To"] = CFrame.new( -0.144927382, 0.126023173, -0.665740013, 0.996912181, -0.078512527, 0.00144864502, 0.0761117861, 0.970638812, 0.228182673, -0.0193213094, -0.227367789, 0.973617256 );
      ["Ht"] = CFrame.new( 0, 0, 0, 1, 0, 0, 0, 1, 0, 0, 0, 1 );
      ["Rm"] = CFrame.new( 0.680119276, -0.820016623, -0.0362084508, -0.997596741, -0.0531897396, 0.0444035381, 0.0467985645, -0.0446624421, 0.997905433, -0.0510950945, 0.997585177, 0.0470442399 );
      ["Lg"] = CFrame.new( 0.0220194459, 0.133863091, 0.0236383677, 0.379065096, 0.923541307, -0.0581480972, -0.92535609, 0.378656, -0.0183284059, 0.00509104878, 0.0607553348, 0.998139739 );
      ["Rg"] = CFrame.new( 0.902980387, -0.0305392742, 0.177944064, 0.603630066, 0.78190279, -0.155752316, -0.792711854, 0.609466553, -0.0125912977, 0.0850806683, 0.131067127, 0.98771596 );
      ["Hd"] = CFrame.new( 1.15483999e-07, -1.3038516e-08, 0.0182944536, 0.997517347, 0.0412204787, -0.0570969693, -0.0447275676, 0.997099996, -0.0615723468, 0.0543933436, 0.0639732853, 0.996468186 );
  }, 
  [2.875] = {
      ["Lm"] = CFrame.new( -0.821048796, -0.344110489, 0.0758093596, -0.996158004, 0.0619257018, -0.0619243905, -0.0599166229, 0.0337717831, 0.997631967, 0.0638704225, 0.997509241, -0.0299317539 );
      ["To"] = CFrame.new( -0.113921031, 0.123204231, -0.567475319, 0.997463107, -0.0615636036, 0.035739027, 0.0520098843, 0.973060787, 0.22460568, -0.0486037731, -0.222177058, 0.973794222 );
      ["Ht"] = CFrame.new( 0, 0, 0, 1, 0, 0, 0, 1, 0, 0, 0, 1 );
      ["Rm"] = CFrame.new( 0.689746797, -0.784962296, -0.0372632146, -0.998581052, -0.0422862582, 0.0323699601, 0.0323034003, 0.00225611078, 0.999475539, -0.042337019, 0.999103069, -0.000887004542 );
      ["Lg"] = CFrame.new( 0.0216336865, 0.121779263, 0.0102591515, 0.454618782, 0.888173997, -0.0668484196, -0.884505808, 0.459017158, 0.0833841339, 0.104744136, 0.0212198161, 0.994272828 );
      ["Rg"] = CFrame.new( 0.849231124, -0.0867917538, 0.138002276, 0.651745021, 0.748048067, -0.12511012, -0.757347345, 0.650736392, -0.0544741079, 0.0406645313, 0.130255058, 0.990646303 );
      ["Hd"] = CFrame.new( 1.06170774e-07, 6.70552254e-08, 0.018294096, 0.998000681, 0.018480422, -0.0604411736, -0.0224524215, 0.997586071, -0.0657120347, 0.059080895, 0.0669376925, 0.996006429 );
  }, 
  [1.625] = {
      ["Lm"] = CFrame.new( -0.842454493, -0.334574521, 0.111847281, -0.995813727, 0.063990593, -0.0652709827, -0.0521350689, 0.188910991, 0.980609298, 0.0750802532, 0.979907095, -0.18478407 );
      ["To"] = CFrame.new( -0.0788203552, 0.169927359, -0.482259989, 0.999926865, -0.00908434764, -0.00799556449, 0.0106631303, 0.973809123, 0.227116928, 0.00572294416, -0.227185562, 0.973834693 );
      ["Ht"] = CFrame.new( 0, 0, 0, 1, 0, 0, 0, 1, 0, 0, 0, 1 );
      ["Rm"] = CFrame.new( 0.636432111, -1.0135386, -0.121642649, -0.990105987, -0.114083648, 0.0817008093, 0.103355885, -0.199107632, 0.974512041, -0.0949085504, 0.973314524, 0.208928794 );
      ["Lg"] = CFrame.new( -0.92703712, 0.29199928, 0.0194864273, 0.838238895, -0.545256317, 0.0071464926, 0.544213474, 0.837320268, 0.0522164181, -0.0344552658, -0.0398805961, 0.998610318 );
      ["Rg"] = CFrame.new( 0.0715538785, 0.463710785, 0.183304906, 0.784087241, -0.578622401, -0.224506721, 0.542218268, 0.814629734, -0.205858558, 0.302004367, 0.0396794304, 0.952480435 );
      ["Hd"] = CFrame.new( 8.7544322e-08, 5.3725671e-08, 0.0182942152, 0.993356466, -0.0506040975, -0.103355139, 0.0538875982, 0.998119235, 0.0292261224, 0.101681784, -0.0346015021, 0.994215071 );
  }, 
  [2.7916667461395] = {
      ["Lm"] = CFrame.new( -0.815168023, -0.40436095, 0.099647522, -0.99128294, 0.122872368, -0.0475446582, -0.0509842485, -0.0250008162, 0.998386502, 0.121485502, 0.99210757, 0.0310473349 );
      ["To"] = CFrame.new( -0.0525541902, 0.119137108, -0.389174461, 0.994921863, 0.0240335502, 0.0977388695, -0.04509997, 0.974581957, 0.219444782, -0.0899804905, -0.2227384, 0.970716894 );
      ["Ht"] = CFrame.new( 0, 0, 0, 1, 0, 0, 0, 1, 0, 0, 0, 1 );
      ["Rm"] = CFrame.new( 0.703027904, -0.741358697, -0.0428321362, -0.99941808, -0.0299364645, 0.0163525343, 0.0132660186, 0.100542024, 0.994844437, -0.0314261876, 0.994482338, -0.100086376 );
      ["Lg"] = CFrame.new( -0.297631979, 0.563868046, -0.0746308565, 0.909963489, 0.414146006, -0.0212011356, -0.405739695, 0.89972645, 0.160834536, 0.0856841505, -0.137751415, 0.986753643 );
      ["Rg"] = CFrame.new( 0.75866276, 0.314378738, 0.0869716406, 0.954957664, 0.295282036, -0.0294002909, -0.296741694, 0.95009011, -0.0962985605, -0.000502251962, 0.100685298, 0.994918227 );
      ["Hd"] = CFrame.new( 1.36904418e-07, 7.18282536e-08, 0.0182944536, 0.994608045, -0.0715753511, -0.0750458986, 0.0662666857, 0.995273352, -0.0709918588, 0.0797724575, 0.0656359941, 0.994649887 );
  }, 
  [2.75] = {
      ["Lm"] = CFrame.new( -0.786591887, -0.518398285, 0.104212284, -0.990337908, 0.13493745, -0.0319810882, -0.041862119, -0.0710360184, 0.996594965, 0.132206231, 0.988304496, 0.0759983733 );
      ["To"] = CFrame.new( -0.0320165753, 0.123493373, -0.401503801, 0.991151094, 0.0396358222, 0.126682833, -0.0676251948, 0.972015619, 0.224972546, -0.114220709, -0.231548771, 0.966094613 );
      ["Ht"] = CFrame.new( 0, 0, 0, 1, 0, 0, 0, 1, 0, 0, 0, 1 );
      ["Rm"] = CFrame.new( 0.705901027, -0.733970523, -0.0469740629, -0.999493659, -0.0292876996, 0.0124422414, 0.00852730963, 0.130188495, 0.991452575, -0.0306570865, 0.991056621, -0.129872978 );
      ["Lg"] = CFrame.new( -0.729363143, 0.561593294, -0.0943779349, 0.963497043, -0.267698199, -0.00334083056, 0.262449712, 0.941996217, 0.209197238, -0.0528546944, -0.202437744, 0.977867723 );
      ["Rg"] = CFrame.new( 0.479011565, 0.455340028, 0.0945535898, 0.980992913, -0.193728566, -0.0110634426, 0.19116281, 0.974643409, -0.116306268, 0.0333148129, 0.111980677, 0.993151844 );
      ["Hd"] = CFrame.new( 1.60187483e-07, 1.63447112e-07, 0.018294096, 0.992290378, -0.0931857899, -0.0817092434, 0.0872772783, 0.993496239, -0.0731292814, 0.0879924968, 0.0654341653, 0.993969679 );
  }, 
  [1.5833333730698] = {
      ["Lm"] = CFrame.new( -0.845922232, -0.33551532, 0.117985606, -0.994818091, 0.0606944002, -0.0815669522, -0.0679756925, 0.199535146, 0.977530062, 0.0756061599, 0.978009284, -0.1943755 );
      ["To"] = CFrame.new( -0.107780524, 0.191431701, -0.363576412, 0.998372197, -0.0353689007, -0.0447438695, 0.0452147014, 0.968993843, 0.24291268, 0.0347649828, -0.244540349, 0.969015718 );
      ["Ht"] = CFrame.new( 0, 0, 0, 1, 0, 0, 0, 1, 0, 0, 0, 1 );
      ["Rm"] = CFrame.new( 0.627257228, -1.03280163, -0.140494287, -0.988423407, -0.116566353, 0.0971168131, 0.119673826, -0.205534369, 0.971305251, -0.0932605863, 0.971683085, 0.217104793 );
      ["Lg"] = CFrame.new( -0.72872293, 0.626485825, 0.0582752228, 0.977377653, -0.204061583, 0.0556044877, 0.203400433, 0.978941739, 0.0173603054, -0.0579761751, -0.00565760024, 0.998301983 );
      ["Rg"] = CFrame.new( 0.227791548, 0.631797314, 0.233451247, 0.918664813, -0.227772787, -0.322760761, 0.19824408, 0.97252351, -0.122054726, 0.341693252, 0.0481419228, 0.938577712 );
      ["Hd"] = CFrame.new( 8.56816769e-08, -6.51925802e-09, 0.0182943344, 0.996778548, -0.0228117146, -0.0768907219, 0.0267097317, 0.998389363, 0.0500544459, 0.0756250471, -0.051946979, 0.995782375 );
  }, 
  [1.5416666269302] = {
      ["Lm"] = CFrame.new( -0.846773088, -0.335852325, 0.12863338, -0.994654179, 0.0619438179, -0.0826197937, -0.0690318793, 0.19615902, 0.978139162, 0.0767963305, 0.978613675, -0.190834403 );
      ["To"] = CFrame.new( -0.13463302, 0.220062673, -0.426012278, 0.996362805, -0.0477735773, -0.0705610067, 0.0657083094, 0.957969487, 0.27924335, 0.0542548336, -0.282864124, 0.957624316 );
      ["Ht"] = CFrame.new( 0, 0, 0, 1, 0, 0, 0, 1, 0, 0, 0, 1 );
      ["Rm"] = CFrame.new( 0.628626049, -1.02617979, -0.152108252, -0.98846525, -0.115748905, 0.0976658687, 0.119709611, -0.202128142, 0.972015381, -0.0927686095, 0.972495019, 0.213652834 );
      ["Lg"] = CFrame.new( -0.309209436, 0.827693045, 0.0290211439, 0.934809446, 0.352944911, 0.039510373, -0.353632897, 0.935309827, 0.0118068345, -0.0327872969, -0.0250093043, 0.999149442 );
      ["Rg"] = CFrame.new( 0.536162376, 0.648794115, 0.239599705, 0.905518949, 0.246168807, -0.345595866, -0.248922721, 0.967810452, 0.0371547937, 0.343617707, 0.0523821823, 0.937647581 );
      ["Hd"] = CFrame.new( 8.19563866e-08, -5.0291419e-08, 0.0182949305, 0.997098088, 0.00122608256, -0.0761181489, 0.000922355801, 0.999602437, 0.0281834714, 0.0761224329, -0.0281718541, 0.996700466 );
  }, 
  [1.7083333730698] = {
      ["Lm"] = CFrame.new( -0.823721468, -0.354747534, 0.106682539, -0.996391475, 0.0843125135, -0.00977897178, 0.000402252481, 0.119901821, 0.992785752, 0.0848768502, 0.989199221, -0.119503096 );
      ["To"] = CFrame.new( -0.0303049386, 0.1449368, -0.793232679, 0.997888684, 0.0367277749, 0.0535669327, -0.0481881611, 0.971643567, 0.231488004, -0.0435459241, -0.23358053, 0.971361876 );
      ["Ht"] = CFrame.new( 0, 0, 0, 1, 0, 0, 0, 1, 0, 0, 0, 1 );
      ["Rm"] = CFrame.new( 0.675823033, -0.914663315, -0.0795876384, -0.995416164, -0.0920495987, 0.0259563103, 0.0386994667, -0.139481023, 0.989468217, -0.0874596834, 0.985937059, 0.142403886 );
      ["Lg"] = CFrame.new( -1.07440901, 0.326669872, -0.0133897066, 0.703649044, -0.710541844, -0.00292422133, 0.705767214, 0.698432326, 0.11868009, -0.0822848231, -0.0855729505, 0.992928326 );
      ["Rg"] = CFrame.new( -0.0785323232, -0.106296062, 0.0203491449, 0.258639276, -0.964454591, -0.0541588776, 0.953838348, 0.2638475, -0.143446818, 0.152637675, -0.0145578943, 0.988175035 );
      ["Hd"] = CFrame.new( 1.00582838e-07, -4.69153747e-08, 0.0182938576, 0.980936885, -0.100142404, -0.166536719, 0.0910337418, 0.993948579, -0.0614760779, 0.171685234, 0.045143649, 0.984117031 );
  }, 
  [2.4166667461395] = {
      ["Lm"] = CFrame.new( -0.842454493, -0.334574521, 0.111847281, -0.995813727, 0.063990593, -0.0652709827, -0.0521350689, 0.188910991, 0.980609298, 0.0750802532, 0.979907095, -0.18478407 );
      ["To"] = CFrame.new( -0.0788203552, 0.169927359, -0.482259989, 0.999926865, -0.00908434764, -0.00799556449, 0.0106631303, 0.973809123, 0.227116928, 0.00572294416, -0.227185562, 0.973834693 );
      ["Ht"] = CFrame.new( 0, 0, 0, 1, 0, 0, 0, 1, 0, 0, 0, 1 );
      ["Rm"] = CFrame.new( 0.636432111, -1.0135386, -0.121642649, -0.990105987, -0.114083648, 0.0817008093, 0.103355885, -0.199107632, 0.974512041, -0.0949085504, 0.973314524, 0.208928794 );
      ["Lg"] = CFrame.new( -0.927938104, 0.290228248, 0.0195760727, 0.83693248, -0.54725945, 0.00715852343, 0.54621166, 0.836013794, 0.0522852466, -0.0345982611, -0.0398491323, 0.998606503 );
      ["Rg"] = CFrame.new( 0.0715538785, 0.463710785, 0.183304906, 0.784087241, -0.578622401, -0.224506721, 0.542218268, 0.814629734, -0.205858558, 0.302004367, 0.0396794304, 0.952480435 );
      ["Hd"] = CFrame.new( 8.7544322e-08, 5.3725671e-08, 0.0182942152, 0.993356466, -0.0506040975, -0.103355139, 0.0538875982, 0.998119235, 0.0292261224, 0.101681784, -0.0346015021, 0.994215071 );
  }, 
  [1.7916666269302] = {
      ["Lm"] = CFrame.new( -0.795233548, -0.456484318, 0.104828954, -0.994375348, 0.105772309, -0.0054605538, -0.00379702402, 0.0159223974, 0.999866009, 0.105845146, 0.994262993, -0.015431283 );
      ["To"] = CFrame.new( 0.00020840764, 0.182040334, -0.955640793, 0.991691589, 0.0555254593, 0.116037607, -0.0823642015, 0.966974139, 0.241199404, -0.0988126621, -0.248752773, 0.963513434 );
      ["Ht"] = CFrame.new( 0, 0, 0, 1, 0, 0, 0, 1, 0, 0, 0, 1 );
      ["Rm"] = CFrame.new( 0.695734203, -0.820628345, -0.0631943345, -0.998016894, -0.0617553517, 0.0121963471, 0.0129324337, -0.0115344124, 0.999849856, -0.0616053492, 0.998024762, 0.0123101566 );
      ["Lg"] = CFrame.new( -1.08030891, 0.576506376, -0.093923986, 0.715496778, -0.698542833, 0.0101144332, 0.676845968, 0.696714103, 0.237632081, -0.173043087, -0.163179055, 0.971302629 );
      ["Rg"] = CFrame.new( -0.0442735925, -0.165024757, 0.0139180422, 0.0368051305, -0.999303758, 0.00612976961, 0.974363923, 0.0345228352, -0.222313017, 0.221946627, 0.0141548645, 0.974956095 );
      ["Hd"] = CFrame.new( 1.34110451e-07, -5.40167093e-08, 0.018294096, 0.986050785, -0.116368309, -0.119005352, 0.105433777, 0.989935577, -0.0943998694, 0.128792793, 0.0805358738, 0.98839587 );
  }, 
  [1.75] = {
      ["Lm"] = CFrame.new( -0.811384559, -0.392715871, 0.10533464, -0.995604098, 0.0935440809, -0.00469017401, 0.00238124118, 0.0753397122, 0.99715513, 0.0936313793, 0.992760599, -0.0752313361 );
      ["To"] = CFrame.new( -0.00867840648, 0.164631724, -0.908520222, 0.99510771, 0.0466701202, 0.0870779827, -0.0662566274, 0.96905309, 0.237794369, -0.0732852891, -0.242400482, 0.967404485 );
      ["Ht"] = CFrame.new( 0, 0, 0, 1, 0, 0, 0, 1, 0, 0, 0, 1 );
      ["Rm"] = CFrame.new( 0.686309218, -0.871255815, -0.0695018768, -0.996817887, -0.0776724741, 0.0179242957, 0.0246712212, -0.0867950991, 0.995920718, -0.0757998079, 0.993193746, 0.0884350836 );
      ["Lg"] = CFrame.new( -1.09155631, 0.480261326, -0.05520612, 0.706521094, -0.707691848, -0.000507217075, 0.696721137, 0.695442438, 0.17589657, -0.124127842, -0.124627933, 0.984408617 );
      ["Rg"] = CFrame.new( -0.0614053234, -0.138873339, 0.0175563097, 0.12208049, -0.992252886, -0.0230388902, 0.974601388, 0.124235049, -0.186327234, 0.187746003, 0.00029316009, 0.98221761 );
      ["Hd"] = CFrame.new( 8.7544322e-08, 5.07570803e-08, 0.0182943344, 0.983232737, -0.108496383, -0.146567762, 0.0965072662, 0.991558552, -0.0865909159, 0.154725373, 0.0709941164, 0.985403419 );
  }, 
  [2.0833332538605] = {
      ["Lm"] = CFrame.new( -0.821048796, -0.344110489, 0.0758093596, -0.996158004, 0.0619257018, -0.0619243905, -0.0599166229, 0.0337717831, 0.997631967, 0.0638704225, 0.997509241, -0.0299317539 );
      ["To"] = CFrame.new( -0.113921031, 0.123204231, -0.567475319, 0.997463107, -0.0615636036, 0.035739027, 0.0520098843, 0.973060787, 0.22460568, -0.0486037731, -0.222177058, 0.973794222 );
      ["Ht"] = CFrame.new( 0, 0, 0, 1, 0, 0, 0, 1, 0, 0, 0, 1 );
      ["Rm"] = CFrame.new( 0.689746797, -0.784962296, -0.0372632146, -0.998581052, -0.0422862582, 0.0323699601, 0.0323034003, 0.00225611078, 0.999475539, -0.042337019, 0.999103069, -0.000887004542 );
      ["Lg"] = CFrame.new( 0.0216336865, 0.121779263, 0.0102591515, 0.454618782, 0.888173997, -0.0668484196, -0.884505808, 0.459017158, 0.0833841339, 0.104744136, 0.0212198161, 0.994272828 );
      ["Rg"] = CFrame.new( 0.849231124, -0.0867917538, 0.138002276, 0.651745021, 0.748048067, -0.12511012, -0.757347345, 0.650736392, -0.0544741079, 0.0406645313, 0.130255058, 0.990646303 );
      ["Hd"] = CFrame.new( 1.06170774e-07, 6.70552254e-08, 0.018294096, 0.998000681, 0.018480422, -0.0604411736, -0.0224524215, 0.997586071, -0.0657120347, 0.059080895, 0.0669376925, 0.996006429 );
  }, 
  [0.04166666790843] = {
      ["Lm"] = CFrame.new( -0.845984817, -0.347200394, 0.140267015, -0.994490385, 0.0641163588, -0.0829333663, -0.0698837861, 0.184186578, 0.980403781, 0.0781352147, 0.980797827, -0.178691193 );
      ["To"] = CFrame.new( -0.139848948, 0.205401599, -0.583377838, 0.99627316, -0.0526204444, -0.068345435, 0.0687424615, 0.962985754, 0.260639489, 0.0521007217, -0.264366299, 0.963014007 );
      ["Ht"] = CFrame.new( 0, 0, 0, 1, 0, 0, 0, 1, 0, 0, 0, 1 );
      ["Rm"] = CFrame.new( 0.633482695, -1.01241791, -0.14999789, -0.988752306, -0.111261815, 0.0999487638, 0.119894937, -0.190142423, 0.97440809, -0.0894098356, 0.975431561, 0.201343343 );
      ["Lg"] = CFrame.new( -0.147455186, 0.682760119, 0.0598099232, 0.776962817, 0.628726959, 0.0321121998, -0.627686858, 0.777577102, -0.0371923782, -0.0483536385, 0.00874069054, 0.998792052 );
      ["Rg"] = CFrame.new( 0.67390132, 0.637303352, 0.246712923, 0.832222044, 0.440764993, -0.33635217, -0.437635124, 0.894678354, 0.0895886421, 0.340414613, 0.0726418644, 0.93746525 );
      ["Hd"] = CFrame.new( 1.09837856e-07, -1.27591193e-07, 0.018294096, 0.998157024, 0.00642359909, -0.0603446476, -0.0064675035, 0.99997896, -0.00053244736, 0.0603399612, 0.000921717496, 0.998177528 );
  }, 
  [0.41666665673256] = {
      ["Lm"] = CFrame.new( -0.765960097, -0.597622514, 0.105621576, -0.990301251, 0.137189582, -0.0219695307, -0.035583701, -0.0975867882, 0.994590759, 0.134303629, 0.985726118, 0.101521954 );
      ["To"] = CFrame.new( -0.0229254961, 0.13107419, -0.46569705, 0.988775194, 0.0491309352, 0.141102001, -0.0816087276, 0.968662262, 0.234591991, -0.125154465, -0.243473902, 0.961798728 );
      ["Ht"] = CFrame.new( 0, 0, 0, 1, 0, 0, 0, 1, 0, 0, 0, 1 );
      ["Rm"] = CFrame.new( 0.707018614, -0.73228991, -0.0514800549, -0.999466181, -0.0311574899, 0.00982747041, 0.00538449502, 0.139596388, 0.990193844, -0.0322237462, 0.989718139, -0.139354184 );
      ["Lg"] = CFrame.new( -0.855220139, 0.203971982, -0.0110182762, 0.74951601, -0.661906362, 0.0102911154, 0.637688577, 0.726091325, 0.257185876, -0.177705303, -0.186202392, 0.966307104 );
      ["Rg"] = CFrame.new( 0.230478942, 0.342954814, 0.0872311592, 0.81845808, -0.574558675, -0.00299474271, 0.568656981, 0.810774684, -0.138830081, 0.0821941495, 0.111923531, 0.990311682 );
      ["Hd"] = CFrame.new( 7.82310963e-08, -5.12227416e-09, 0.0182944536, 0.99017477, -0.108193055, -0.0885909051, 0.101432972, 0.991814494, -0.0775595009, 0.0962571204, 0.0678113997, 0.9930439 );
  }, 
  [1.6666666269302] = {
      ["Lm"] = CFrame.new( -0.833979368, -0.338225543, 0.108447194, -0.996735692, 0.074593395, -0.0308860987, -0.0188126918, 0.157441124, 0.987349212, 0.0785125494, 0.984707117, -0.155523986 );
      ["To"] = CFrame.new( -0.0539627597, 0.153274357, -0.643693686, 0.999589026, 0.0163494423, 0.0235468894, -0.0212993585, 0.973345995, 0.228350371, -0.0191858672, -0.228758067, 0.973294199 );
      ["Ht"] = CFrame.new( 0, 0, 0, 1, 0, 0, 0, 1, 0, 0, 0, 1 );
      ["Rm"] = CFrame.new( 0.658555448, -0.962914824, -0.0972728729, -0.99335444, -0.104762554, 0.0476627201, 0.0656589568, -0.17569007, 0.982253551, -0.0945294201, 0.978855371, 0.18140094 );
      ["Lg"] = CFrame.new( -1.02539527, 0.198867679, -0.0303906202, 0.73568517, -0.675872505, -0.0443137139, 0.677194178, 0.732689261, 0.0676348954, -0.0132444268, -0.0797669813, 0.996725559 );
      ["Rg"] = CFrame.new( -0.041549366, 0.0815328956, 0.0570596457, 0.488912761, -0.864443362, -0.117055416, 0.847282171, 0.502504647, -0.172052324, 0.207550421, -0.015060449, 0.978108406 );
      ["Hd"] = CFrame.new( 8.28877091e-08, -4.96511348e-08, 0.018294096, 0.985340834, -0.0834086835, -0.148817226, 0.0812798291, 0.996483743, -0.0203408673, 0.149990588, 0.00794685911, 0.988655508 );
  }, 
  [2.625] = {
      ["Lm"] = CFrame.new( -0.779374719, -0.527574778, 0.105269074, -0.992824674, 0.119112663, -0.0105508398, -0.0158419982, -0.0435626209, 0.99892509, 0.118525073, 0.991924644, 0.0451370291 );
      ["To"] = CFrame.new( -0.00957718492, 0.169088602, -0.898642302, 0.988499105, 0.0748411566, 0.131409734, -0.104836434, 0.96539551, 0.238790497, -0.108991019, -0.249820665, 0.962138653 );
      ["Ht"] = CFrame.new( 0, 0, 0, 1, 0, 0, 0, 1, 0, 0, 0, 1 );
      ["Rm"] = CFrame.new( 0.7026999, -0.773556471, -0.0591424704, -0.998853564, -0.0470212176, 0.00897705648, 0.0058337776, 0.0665632263, 0.997765183, -0.047513593, 0.996673703, -0.0662127212 );
      ["Lg"] = CFrame.new( -1.007815, 0.567513943, -0.062777698, 0.717042625, -0.694540262, 0.0588531829, 0.655481279, 0.700609207, 0.281941682, -0.237052947, -0.163587034, 0.957624793 );
      ["Rg"] = CFrame.new( -0.0278498083, -0.161605, 0.0155743361, 0.0427048095, -0.998548031, 0.0328353234, 0.975631177, 0.0345998444, -0.216672018, 0.215221316, 0.0412880555, 0.975692213 );
      ["Hd"] = CFrame.new( 1.15483999e-07, -3.7252903e-08, 0.018294692, 0.98750633, -0.118409202, -0.103974074, 0.109006077, 0.989783764, -0.0919012204, 0.113793813, 0.0794191882, 0.990324974 );
  }, 
  [2.5] = {
      ["Lm"] = CFrame.new( -0.823721468, -0.354747534, 0.106682539, -0.996391475, 0.0843125135, -0.00977897178, 0.000402252481, 0.119901821, 0.992785752, 0.0848768502, 0.989199221, -0.119503096 );
      ["To"] = CFrame.new( -0.0303049386, 0.1449368, -0.793232679, 0.997888684, 0.0367277749, 0.0535669327, -0.0481881611, 0.971643567, 0.231488004, -0.0435459241, -0.23358053, 0.971361876 );
      ["Ht"] = CFrame.new( 0, 0, 0, 1, 0, 0, 0, 1, 0, 0, 0, 1 );
      ["Rm"] = CFrame.new( 0.675823033, -0.914663315, -0.0795876384, -0.995416164, -0.0920495987, 0.0259563103, 0.0386994667, -0.139481023, 0.989468217, -0.0874596834, 0.985937059, 0.142403886 );
      ["Lg"] = CFrame.new( -1.07440901, 0.326669872, -0.0133897066, 0.703649044, -0.710541844, -0.00292422133, 0.705767214, 0.698432326, 0.11868009, -0.0822848231, -0.0855729505, 0.992928326 );
      ["Rg"] = CFrame.new( -0.0785323232, -0.106296062, 0.0203491449, 0.258639276, -0.964454591, -0.0541588776, 0.953838348, 0.2638475, -0.143446818, 0.152637675, -0.0145578943, 0.988175035 );
      ["Hd"] = CFrame.new( 1.00582838e-07, -4.69153747e-08, 0.0182938576, 0.980936885, -0.100142404, -0.166536719, 0.0910337418, 0.993948579, -0.0614760779, 0.171685234, 0.045143649, 0.984117031 );
  }, 
  [1.2083333730698] = {
      ["Lm"] = CFrame.new( -0.840404332, -0.480974734, 0.0947760344, -0.992564619, 0.105389819, -0.0608975478, -0.0644843131, -0.0309641529, 0.997438312, 0.103234261, 0.993948877, 0.0375298969 );
      ["To"] = CFrame.new( -0.101129338, -0.158809707, -0.631169081, 0.998470962, -0.055237975, -0.00212218147, 0.0552787259, 0.997739613, 0.0382095277, 6.76771197e-06, -0.0382684171, 0.999267519 );
      ["Ht"] = CFrame.new( 0, 0, 0, 1, 0, 0, 0, 1, 0, 0, 0, 1 );
      ["Rm"] = CFrame.new( 0.714650035, -0.793463826, -0.0132878423, -0.993878901, -0.0782386437, 0.0779958367, 0.0833883956, -0.0682025477, 0.994180441, -0.072463721, 0.994598985, 0.0743092448 );
      ["Lg"] = CFrame.new( 0.101685472, 0.495108604, -0.238962293, 0.797843516, 0.311291128, 0.516278744, -0.55873853, 0.703419387, 0.439331979, -0.226400286, -0.638982892, 0.735148847 );
      ["Rg"] = CFrame.new( -0.174694061, 0.517924905, -0.255505145, 0.729574144, -0.0297366232, -0.683254957, 0.469812065, 0.747801304, 0.469115734, 0.496989101, -0.663256288, 0.559547246 );
      ["Hd"] = CFrame.new( 9.65083018e-08, -1.3038516e-08, 0.0182942152, 0.998182297, -0.000423352001, -0.060266234, -0.00348535134, 0.997896314, -0.0647373348, 0.0601668619, 0.064829722, 0.996080816 );
  }, 
  [1.875] = {
      ["Lm"] = CFrame.new( -0.768849969, -0.579644322, 0.105850577, -0.991327405, 0.130328089, -0.0168690477, -0.0280357264, -0.0843281895, 0.996043622, 0.128389969, 0.987878263, 0.0872506574 );
      ["To"] = CFrame.new( -0.0183722079, 0.146617115, -0.668550253, 0.988036931, 0.0655724779, 0.139582515, -0.0977018923, 0.966443837, 0.237572521, -0.119320452, -0.248367891, 0.96128875 );
      ["Ht"] = CFrame.new( 0, 0, 0, 1, 0, 0, 0, 1, 0, 0, 0, 1 );
      ["Rm"] = CFrame.new( 0.706351876, -0.742415309, -0.0555763245, -0.999301374, -0.0364392512, 0.00831464864, 0.00383748254, 0.121253684, 0.99261415, -0.0371782072, 0.991952538, -0.121029191 );
      ["Lg"] = CFrame.new( -0.913610995, 0.381541431, -0.035274148, 0.735242128, -0.67674315, 0.0379181057, 0.643488467, 0.714499533, 0.274614096, -0.212935746, -0.177507967, 0.960806668 );
      ["Rg"] = CFrame.new( 0.0483272299, 0.297166586, 0.0935844183, 0.513919353, -0.857726693, 0.0138509776, 0.846431434, 0.504395008, -0.170703009, 0.13943021, 0.0994514748, 0.985225201 );
      ["Hd"] = CFrame.new( 9.68575478e-08, -5.0291419e-08, 0.018294096, 0.988669872, -0.116300941, -0.0948996991, 0.108350061, 0.990469098, -0.0850375369, 0.103885151, 0.0737915784, 0.991848171 );
  }, 
  [2.125] = {
      ["Lm"] = CFrame.new( -0.82312429, -0.337440461, 0.0705803633, -0.997001529, 0.0457252227, -0.0624272227, -0.059386231, 0.0650901049, 0.996110737, 0.0496108159, 0.996831298, -0.0621795729 );
      ["To"] = CFrame.new( -0.144927382, 0.126023173, -0.665740013, 0.996912181, -0.078512527, 0.00144864502, 0.0761117861, 0.970638812, 0.228182673, -0.0193213094, -0.227367789, 0.973617256 );
      ["Ht"] = CFrame.new( 0, 0, 0, 1, 0, 0, 0, 1, 0, 0, 0, 1 );
      ["Rm"] = CFrame.new( 0.680119276, -0.820016623, -0.0362084508, -0.997596741, -0.0531897396, 0.0444035381, 0.0467985645, -0.0446624421, 0.997905433, -0.0510950945, 0.997585177, 0.0470442399 );
      ["Lg"] = CFrame.new( 0.0220194459, 0.133863091, 0.0236383677, 0.379065096, 0.923541307, -0.0581480972, -0.92535609, 0.378656, -0.0183284059, 0.00509104878, 0.0607553348, 0.998139739 );
      ["Rg"] = CFrame.new( 0.902980387, -0.0305392742, 0.177944064, 0.603630066, 0.78190279, -0.155752316, -0.792711854, 0.609466553, -0.0125912977, 0.0850806683, 0.131067127, 0.98771596 );
      ["Hd"] = CFrame.new( 1.15483999e-07, -1.3038516e-08, 0.0182944536, 0.997517347, 0.0412204787, -0.0570969693, -0.0447275676, 0.997099996, -0.0615723468, 0.0543933436, 0.0639732853, 0.996468186 );
  }, 
  [0.45833334326744] = {
      ["Lm"] = CFrame.new( -0.786591887, -0.518398285, 0.104212284, -0.990337908, 0.13493745, -0.0319810882, -0.041862119, -0.0710360184, 0.996594965, 0.132206231, 0.988304496, 0.0759983733 );
      ["To"] = CFrame.new( -0.0320165753, 0.123493373, -0.401503801, 0.991151094, 0.0396358222, 0.126682833, -0.0676251948, 0.972015619, 0.224972546, -0.114220709, -0.231548771, 0.966094613 );
      ["Ht"] = CFrame.new( 0, 0, 0, 1, 0, 0, 0, 1, 0, 0, 0, 1 );
      ["Rm"] = CFrame.new( 0.705064237, -0.737675786, -0.0474795699, -0.999481857, -0.0297269784, 0.0123425359, 0.00842617732, 0.128439069, 0.991681635, -0.0310648642, 0.991271853, -0.128122106 );
      ["Lg"] = CFrame.new( -0.729363143, 0.561593294, -0.0943779349, 0.963497043, -0.267698199, -0.00334083056, 0.262449712, 0.941996217, 0.209197238, -0.0528546944, -0.202437744, 0.977867723 );
      ["Rg"] = CFrame.new( 0.479011565, 0.455340028, 0.0945535898, 0.980992913, -0.193728566, -0.0110634426, 0.19116281, 0.974643409, -0.116306268, 0.0333148129, 0.111980677, 0.993151844 );
      ["Hd"] = CFrame.new( 1.60187483e-07, 1.63447112e-07, 0.018294096, 0.992290378, -0.0931857899, -0.0817092434, 0.0872772783, 0.993496239, -0.0731292814, 0.0879924968, 0.0654341653, 0.993969679 );
  }, 
  [1.8333333730698] = {
      ["Lm"] = CFrame.new( -0.779374719, -0.527574778, 0.105269074, -0.992824674, 0.119112663, -0.0105508398, -0.0158419982, -0.0435626209, 0.99892509, 0.118525073, 0.991924644, 0.0451370291 );
      ["To"] = CFrame.new( -0.00957718492, 0.169088602, -0.898642302, 0.988499105, 0.0748411566, 0.131409734, -0.104836434, 0.96539551, 0.238790497, -0.108991019, -0.249820665, 0.962138653 );
      ["Ht"] = CFrame.new( 0, 0, 0, 1, 0, 0, 0, 1, 0, 0, 0, 1 );
      ["Rm"] = CFrame.new( 0.7026999, -0.773556471, -0.0591424704, -0.998853564, -0.0470212176, 0.00897705648, 0.0058337776, 0.0665632263, 0.997765183, -0.047513593, 0.996673703, -0.0662127212 );
      ["Lg"] = CFrame.new( -1.007815, 0.567513943, -0.062777698, 0.717042625, -0.694540262, 0.0588531829, 0.655481279, 0.700609207, 0.281941682, -0.237052947, -0.163587034, 0.957624793 );
      ["Rg"] = CFrame.new( -0.0278498083, -0.161605, 0.0155743361, 0.0427048095, -0.998548031, 0.0328353234, 0.975631177, 0.0345998444, -0.216672018, 0.215221316, 0.0412880555, 0.975692213 );
      ["Hd"] = CFrame.new( 1.15483999e-07, -3.7252903e-08, 0.018294692, 0.98750633, -0.118409202, -0.103974074, 0.109006077, 0.989783764, -0.0919012204, 0.113793813, 0.0794191882, 0.990324974 );
  }, 
  [2.2916667461395] = {
      ["Lm"] = CFrame.new( -0.847265661, -0.338719606, 0.145758629, -0.994541883, 0.0631847829, -0.0830316767, -0.0694354177, 0.193191037, 0.978701174, 0.0778800845, 0.979124665, -0.187749475 );
      ["To"] = CFrame.new( -0.164503679, 0.254724562, -0.565439701, 0.994882107, -0.0488911979, -0.0884278119, 0.0750874579, 0.943337917, 0.32322669, 0.0676143691, -0.328212231, 0.942180991 );
      ["Ht"] = CFrame.new( 0, 0, 0, 1, 0, 0, 0, 1, 0, 0, 0, 1 );
      ["Rm"] = CFrame.new( 0.629714489, -1.02134097, -0.157840133, -0.988509119, -0.115010083, 0.0980936289, 0.119687349, -0.199136853, 0.972635329, -0.0923287347, 0.973199546, 0.210613832 );
      ["Lg"] = CFrame.new( -0.0394873396, 0.5424546, 0.0208712816, 0.652778804, 0.755868971, 0.0504177921, -0.75717628, 0.653097808, 0.0121455165, -0.0237473622, -0.0461035259, 0.998654425 );
      ["Rg"] = CFrame.new( 0.760668695, 0.272375345, 0.293206096, 0.627286434, 0.702312887, -0.336553633, -0.682329893, 0.703942239, 0.197208956, 0.375416815, 0.105934031, 0.920782506 );
      ["Hd"] = CFrame.new( 8.56816769e-08, 1.86264515e-09, 0.0182948112, 0.996239483, 0.0201215707, -0.0842738748, -0.0217712559, 0.999588072, -0.0187021866, 0.0838628411, 0.0204666387, 0.9962672 )}
}
counter= {  0,
  0.04166666790843,
  0.08333333581686,
  0.125,
  0.16666667163372,
  0.20833332836628,
  0.25,
  0.29166665673256,
  0.33333334326744,
  0.375,
  0.41666665673256,
  0.45833334326744,
  0.5,
  0.54166668653488,
  0.58333331346512,
  0.625,
  0.66666668653488,
  0.70833331346512,
  0.75,
  0.79166668653488,
  0.83333331346512,
  0.875,
  0.91666668653488,
  0.95833331346512,
  1,
  1.0416666269302,
  1.0833333730698,
  1.125,
  1.1666666269302,
  1.2083333730698,
  1.25,
  1.2916666269302,
  1.3333333730698,
  1.375,
  1.4166666269302,
  1.4583333730698,
  1.5,
  1.5416666269302,
  1.5833333730698,
  1.625,
  1.6666666269302,
  1.7083333730698,
  1.75,
  1.7916666269302,
  1.8333333730698,
  1.875,
  1.9166666269302,
  1.9583333730698,
  2,
  2.0416667461395,
  2.0833332538605,
  2.125,
  2.1666667461395,
  2.2083332538605,
  2.25,
  2.2916667461395,
  2.3333332538605,
  2.375,
  2.4166667461395,
  2.4583332538605,
  2.5,
  2.5416667461395,
  2.5833332538605,
  2.625,
  2.6666667461395,
  2.7083332538605,
  2.75,
  2.7916667461395,
  2.8333332538605,
  2.875,
  2.9166667461395,
  2.9583332538605,
  3,
  3.0416667461395}
count = 0
char=game.Players.LocalPlayer.Character.Dummy
hhhh=game.Players.LocalPlayer.Character.Dummy.Humanoid.Animator
hhhh.Parent = nil
for _,v in pairs(char.Humanoid:GetPlayingAnimationTracks()) do
    v:Stop()
end

local kkk = Instance.new("Sound", game.Players.LocalPlayer.Character.Dummy.Head)
kkk.SoundId = "rbxassetid://2058806916"
kkk.Looped = true
kkk:Play()

while wait() do
for i,v in pairs(counter) do
v=anim[v]
if v["Lg"] then
    char.Torso["Left Hip"].Transform = v["Lg"]
end
if v["Rg"] then
    char.Torso["Right Hip"].Transform = v["Rg"]
end
if v["Lm"] then
    char.Torso["Left Shoulder"].Transform = v["Lm"]
end
if v["Rm"] then
    char.Torso["Right Shoulder"].Transform = v["Rm"]
end
if v["To"] then
    char.HumanoidRootPart["RootJoint"].Transform = v["To"]
end
if v["Hd"] then
    char.Torso["Neck"].Transform = v["Hd"]
end
game.RunService.RenderStepped:wait()
end
end
